/*--------------------------------*- C++ -*----------------------------------*\
| =========                 |                                                 |
| \\      /  F ield         | OpenFOAM: The Open Source CFD Toolbox           |
|  \\    /   O peration     | Version:  2112                                  |
|   \\  /    A nd           | Website:  www.openfoam.com                      |
|    \\/     M anipulation  |                                                 |
\*---------------------------------------------------------------------------*/
FoamFile
{
    version     2.0;
    format      ascii;
    arch        "LSB;label=32;scalar=64";
    note        "nPoints:4913  nCells:4096  nFaces:13056  nInternalFaces:11520";
    class       labelList;
    location    "constant/polyMesh";
    object      neighbour;
}
// * * * * * * * * * * * * * * * * * * * * * * * * * * * * * * * * * * * * * //


11520
(
1
16
256
2
17
257
3
18
258
4
19
259
5
20
260
6
21
261
7
22
262
8
23
263
9
24
264
10
25
265
11
26
266
12
27
267
13
28
268
14
29
269
15
30
270
31
271
17
32
272
18
33
273
19
34
274
20
35
275
21
36
276
22
37
277
23
38
278
24
39
279
25
40
280
26
41
281
27
42
282
28
43
283
29
44
284
30
45
285
31
46
286
47
287
33
48
288
34
49
289
35
50
290
36
51
291
37
52
292
38
53
293
39
54
294
40
55
295
41
56
296
42
57
297
43
58
298
44
59
299
45
60
300
46
61
301
47
62
302
63
303
49
64
304
50
65
305
51
66
306
52
67
307
53
68
308
54
69
309
55
70
310
56
71
311
57
72
312
58
73
313
59
74
314
60
75
315
61
76
316
62
77
317
63
78
318
79
319
65
80
320
66
81
321
67
82
322
68
83
323
69
84
324
70
85
325
71
86
326
72
87
327
73
88
328
74
89
329
75
90
330
76
91
331
77
92
332
78
93
333
79
94
334
95
335
81
96
336
82
97
337
83
98
338
84
99
339
85
100
340
86
101
341
87
102
342
88
103
343
89
104
344
90
105
345
91
106
346
92
107
347
93
108
348
94
109
349
95
110
350
111
351
97
112
352
98
113
353
99
114
354
100
115
355
101
116
356
102
117
357
103
118
358
104
119
359
105
120
360
106
121
361
107
122
362
108
123
363
109
124
364
110
125
365
111
126
366
127
367
113
128
368
114
129
369
115
130
370
116
131
371
117
132
372
118
133
373
119
134
374
120
135
375
121
136
376
122
137
377
123
138
378
124
139
379
125
140
380
126
141
381
127
142
382
143
383
129
144
384
130
145
385
131
146
386
132
147
387
133
148
388
134
149
389
135
150
390
136
151
391
137
152
392
138
153
393
139
154
394
140
155
395
141
156
396
142
157
397
143
158
398
159
399
145
160
400
146
161
401
147
162
402
148
163
403
149
164
404
150
165
405
151
166
406
152
167
407
153
168
408
154
169
409
155
170
410
156
171
411
157
172
412
158
173
413
159
174
414
175
415
161
176
416
162
177
417
163
178
418
164
179
419
165
180
420
166
181
421
167
182
422
168
183
423
169
184
424
170
185
425
171
186
426
172
187
427
173
188
428
174
189
429
175
190
430
191
431
177
192
432
178
193
433
179
194
434
180
195
435
181
196
436
182
197
437
183
198
438
184
199
439
185
200
440
186
201
441
187
202
442
188
203
443
189
204
444
190
205
445
191
206
446
207
447
193
208
448
194
209
449
195
210
450
196
211
451
197
212
452
198
213
453
199
214
454
200
215
455
201
216
456
202
217
457
203
218
458
204
219
459
205
220
460
206
221
461
207
222
462
223
463
209
224
464
210
225
465
211
226
466
212
227
467
213
228
468
214
229
469
215
230
470
216
231
471
217
232
472
218
233
473
219
234
474
220
235
475
221
236
476
222
237
477
223
238
478
239
479
225
240
480
226
241
481
227
242
482
228
243
483
229
244
484
230
245
485
231
246
486
232
247
487
233
248
488
234
249
489
235
250
490
236
251
491
237
252
492
238
253
493
239
254
494
255
495
241
496
242
497
243
498
244
499
245
500
246
501
247
502
248
503
249
504
250
505
251
506
252
507
253
508
254
509
255
510
511
257
272
512
258
273
513
259
274
514
260
275
515
261
276
516
262
277
517
263
278
518
264
279
519
265
280
520
266
281
521
267
282
522
268
283
523
269
284
524
270
285
525
271
286
526
287
527
273
288
528
274
289
529
275
290
530
276
291
531
277
292
532
278
293
533
279
294
534
280
295
535
281
296
536
282
297
537
283
298
538
284
299
539
285
300
540
286
301
541
287
302
542
303
543
289
304
544
290
305
545
291
306
546
292
307
547
293
308
548
294
309
549
295
310
550
296
311
551
297
312
552
298
313
553
299
314
554
300
315
555
301
316
556
302
317
557
303
318
558
319
559
305
320
560
306
321
561
307
322
562
308
323
563
309
324
564
310
325
565
311
326
566
312
327
567
313
328
568
314
329
569
315
330
570
316
331
571
317
332
572
318
333
573
319
334
574
335
575
321
336
576
322
337
577
323
338
578
324
339
579
325
340
580
326
341
581
327
342
582
328
343
583
329
344
584
330
345
585
331
346
586
332
347
587
333
348
588
334
349
589
335
350
590
351
591
337
352
592
338
353
593
339
354
594
340
355
595
341
356
596
342
357
597
343
358
598
344
359
599
345
360
600
346
361
601
347
362
602
348
363
603
349
364
604
350
365
605
351
366
606
367
607
353
368
608
354
369
609
355
370
610
356
371
611
357
372
612
358
373
613
359
374
614
360
375
615
361
376
616
362
377
617
363
378
618
364
379
619
365
380
620
366
381
621
367
382
622
383
623
369
384
624
370
385
625
371
386
626
372
387
627
373
388
628
374
389
629
375
390
630
376
391
631
377
392
632
378
393
633
379
394
634
380
395
635
381
396
636
382
397
637
383
398
638
399
639
385
400
640
386
401
641
387
402
642
388
403
643
389
404
644
390
405
645
391
406
646
392
407
647
393
408
648
394
409
649
395
410
650
396
411
651
397
412
652
398
413
653
399
414
654
415
655
401
416
656
402
417
657
403
418
658
404
419
659
405
420
660
406
421
661
407
422
662
408
423
663
409
424
664
410
425
665
411
426
666
412
427
667
413
428
668
414
429
669
415
430
670
431
671
417
432
672
418
433
673
419
434
674
420
435
675
421
436
676
422
437
677
423
438
678
424
439
679
425
440
680
426
441
681
427
442
682
428
443
683
429
444
684
430
445
685
431
446
686
447
687
433
448
688
434
449
689
435
450
690
436
451
691
437
452
692
438
453
693
439
454
694
440
455
695
441
456
696
442
457
697
443
458
698
444
459
699
445
460
700
446
461
701
447
462
702
463
703
449
464
704
450
465
705
451
466
706
452
467
707
453
468
708
454
469
709
455
470
710
456
471
711
457
472
712
458
473
713
459
474
714
460
475
715
461
476
716
462
477
717
463
478
718
479
719
465
480
720
466
481
721
467
482
722
468
483
723
469
484
724
470
485
725
471
486
726
472
487
727
473
488
728
474
489
729
475
490
730
476
491
731
477
492
732
478
493
733
479
494
734
495
735
481
496
736
482
497
737
483
498
738
484
499
739
485
500
740
486
501
741
487
502
742
488
503
743
489
504
744
490
505
745
491
506
746
492
507
747
493
508
748
494
509
749
495
510
750
511
751
497
752
498
753
499
754
500
755
501
756
502
757
503
758
504
759
505
760
506
761
507
762
508
763
509
764
510
765
511
766
767
513
528
768
514
529
769
515
530
770
516
531
771
517
532
772
518
533
773
519
534
774
520
535
775
521
536
776
522
537
777
523
538
778
524
539
779
525
540
780
526
541
781
527
542
782
543
783
529
544
784
530
545
785
531
546
786
532
547
787
533
548
788
534
549
789
535
550
790
536
551
791
537
552
792
538
553
793
539
554
794
540
555
795
541
556
796
542
557
797
543
558
798
559
799
545
560
800
546
561
801
547
562
802
548
563
803
549
564
804
550
565
805
551
566
806
552
567
807
553
568
808
554
569
809
555
570
810
556
571
811
557
572
812
558
573
813
559
574
814
575
815
561
576
816
562
577
817
563
578
818
564
579
819
565
580
820
566
581
821
567
582
822
568
583
823
569
584
824
570
585
825
571
586
826
572
587
827
573
588
828
574
589
829
575
590
830
591
831
577
592
832
578
593
833
579
594
834
580
595
835
581
596
836
582
597
837
583
598
838
584
599
839
585
600
840
586
601
841
587
602
842
588
603
843
589
604
844
590
605
845
591
606
846
607
847
593
608
848
594
609
849
595
610
850
596
611
851
597
612
852
598
613
853
599
614
854
600
615
855
601
616
856
602
617
857
603
618
858
604
619
859
605
620
860
606
621
861
607
622
862
623
863
609
624
864
610
625
865
611
626
866
612
627
867
613
628
868
614
629
869
615
630
870
616
631
871
617
632
872
618
633
873
619
634
874
620
635
875
621
636
876
622
637
877
623
638
878
639
879
625
640
880
626
641
881
627
642
882
628
643
883
629
644
884
630
645
885
631
646
886
632
647
887
633
648
888
634
649
889
635
650
890
636
651
891
637
652
892
638
653
893
639
654
894
655
895
641
656
896
642
657
897
643
658
898
644
659
899
645
660
900
646
661
901
647
662
902
648
663
903
649
664
904
650
665
905
651
666
906
652
667
907
653
668
908
654
669
909
655
670
910
671
911
657
672
912
658
673
913
659
674
914
660
675
915
661
676
916
662
677
917
663
678
918
664
679
919
665
680
920
666
681
921
667
682
922
668
683
923
669
684
924
670
685
925
671
686
926
687
927
673
688
928
674
689
929
675
690
930
676
691
931
677
692
932
678
693
933
679
694
934
680
695
935
681
696
936
682
697
937
683
698
938
684
699
939
685
700
940
686
701
941
687
702
942
703
943
689
704
944
690
705
945
691
706
946
692
707
947
693
708
948
694
709
949
695
710
950
696
711
951
697
712
952
698
713
953
699
714
954
700
715
955
701
716
956
702
717
957
703
718
958
719
959
705
720
960
706
721
961
707
722
962
708
723
963
709
724
964
710
725
965
711
726
966
712
727
967
713
728
968
714
729
969
715
730
970
716
731
971
717
732
972
718
733
973
719
734
974
735
975
721
736
976
722
737
977
723
738
978
724
739
979
725
740
980
726
741
981
727
742
982
728
743
983
729
744
984
730
745
985
731
746
986
732
747
987
733
748
988
734
749
989
735
750
990
751
991
737
752
992
738
753
993
739
754
994
740
755
995
741
756
996
742
757
997
743
758
998
744
759
999
745
760
1000
746
761
1001
747
762
1002
748
763
1003
749
764
1004
750
765
1005
751
766
1006
767
1007
753
1008
754
1009
755
1010
756
1011
757
1012
758
1013
759
1014
760
1015
761
1016
762
1017
763
1018
764
1019
765
1020
766
1021
767
1022
1023
769
784
1024
770
785
1025
771
786
1026
772
787
1027
773
788
1028
774
789
1029
775
790
1030
776
791
1031
777
792
1032
778
793
1033
779
794
1034
780
795
1035
781
796
1036
782
797
1037
783
798
1038
799
1039
785
800
1040
786
801
1041
787
802
1042
788
803
1043
789
804
1044
790
805
1045
791
806
1046
792
807
1047
793
808
1048
794
809
1049
795
810
1050
796
811
1051
797
812
1052
798
813
1053
799
814
1054
815
1055
801
816
1056
802
817
1057
803
818
1058
804
819
1059
805
820
1060
806
821
1061
807
822
1062
808
823
1063
809
824
1064
810
825
1065
811
826
1066
812
827
1067
813
828
1068
814
829
1069
815
830
1070
831
1071
817
832
1072
818
833
1073
819
834
1074
820
835
1075
821
836
1076
822
837
1077
823
838
1078
824
839
1079
825
840
1080
826
841
1081
827
842
1082
828
843
1083
829
844
1084
830
845
1085
831
846
1086
847
1087
833
848
1088
834
849
1089
835
850
1090
836
851
1091
837
852
1092
838
853
1093
839
854
1094
840
855
1095
841
856
1096
842
857
1097
843
858
1098
844
859
1099
845
860
1100
846
861
1101
847
862
1102
863
1103
849
864
1104
850
865
1105
851
866
1106
852
867
1107
853
868
1108
854
869
1109
855
870
1110
856
871
1111
857
872
1112
858
873
1113
859
874
1114
860
875
1115
861
876
1116
862
877
1117
863
878
1118
879
1119
865
880
1120
866
881
1121
867
882
1122
868
883
1123
869
884
1124
870
885
1125
871
886
1126
872
887
1127
873
888
1128
874
889
1129
875
890
1130
876
891
1131
877
892
1132
878
893
1133
879
894
1134
895
1135
881
896
1136
882
897
1137
883
898
1138
884
899
1139
885
900
1140
886
901
1141
887
902
1142
888
903
1143
889
904
1144
890
905
1145
891
906
1146
892
907
1147
893
908
1148
894
909
1149
895
910
1150
911
1151
897
912
1152
898
913
1153
899
914
1154
900
915
1155
901
916
1156
902
917
1157
903
918
1158
904
919
1159
905
920
1160
906
921
1161
907
922
1162
908
923
1163
909
924
1164
910
925
1165
911
926
1166
927
1167
913
928
1168
914
929
1169
915
930
1170
916
931
1171
917
932
1172
918
933
1173
919
934
1174
920
935
1175
921
936
1176
922
937
1177
923
938
1178
924
939
1179
925
940
1180
926
941
1181
927
942
1182
943
1183
929
944
1184
930
945
1185
931
946
1186
932
947
1187
933
948
1188
934
949
1189
935
950
1190
936
951
1191
937
952
1192
938
953
1193
939
954
1194
940
955
1195
941
956
1196
942
957
1197
943
958
1198
959
1199
945
960
1200
946
961
1201
947
962
1202
948
963
1203
949
964
1204
950
965
1205
951
966
1206
952
967
1207
953
968
1208
954
969
1209
955
970
1210
956
971
1211
957
972
1212
958
973
1213
959
974
1214
975
1215
961
976
1216
962
977
1217
963
978
1218
964
979
1219
965
980
1220
966
981
1221
967
982
1222
968
983
1223
969
984
1224
970
985
1225
971
986
1226
972
987
1227
973
988
1228
974
989
1229
975
990
1230
991
1231
977
992
1232
978
993
1233
979
994
1234
980
995
1235
981
996
1236
982
997
1237
983
998
1238
984
999
1239
985
1000
1240
986
1001
1241
987
1002
1242
988
1003
1243
989
1004
1244
990
1005
1245
991
1006
1246
1007
1247
993
1008
1248
994
1009
1249
995
1010
1250
996
1011
1251
997
1012
1252
998
1013
1253
999
1014
1254
1000
1015
1255
1001
1016
1256
1002
1017
1257
1003
1018
1258
1004
1019
1259
1005
1020
1260
1006
1021
1261
1007
1022
1262
1023
1263
1009
1264
1010
1265
1011
1266
1012
1267
1013
1268
1014
1269
1015
1270
1016
1271
1017
1272
1018
1273
1019
1274
1020
1275
1021
1276
1022
1277
1023
1278
1279
1025
1040
1280
1026
1041
1281
1027
1042
1282
1028
1043
1283
1029
1044
1284
1030
1045
1285
1031
1046
1286
1032
1047
1287
1033
1048
1288
1034
1049
1289
1035
1050
1290
1036
1051
1291
1037
1052
1292
1038
1053
1293
1039
1054
1294
1055
1295
1041
1056
1296
1042
1057
1297
1043
1058
1298
1044
1059
1299
1045
1060
1300
1046
1061
1301
1047
1062
1302
1048
1063
1303
1049
1064
1304
1050
1065
1305
1051
1066
1306
1052
1067
1307
1053
1068
1308
1054
1069
1309
1055
1070
1310
1071
1311
1057
1072
1312
1058
1073
1313
1059
1074
1314
1060
1075
1315
1061
1076
1316
1062
1077
1317
1063
1078
1318
1064
1079
1319
1065
1080
1320
1066
1081
1321
1067
1082
1322
1068
1083
1323
1069
1084
1324
1070
1085
1325
1071
1086
1326
1087
1327
1073
1088
1328
1074
1089
1329
1075
1090
1330
1076
1091
1331
1077
1092
1332
1078
1093
1333
1079
1094
1334
1080
1095
1335
1081
1096
1336
1082
1097
1337
1083
1098
1338
1084
1099
1339
1085
1100
1340
1086
1101
1341
1087
1102
1342
1103
1343
1089
1104
1344
1090
1105
1345
1091
1106
1346
1092
1107
1347
1093
1108
1348
1094
1109
1349
1095
1110
1350
1096
1111
1351
1097
1112
1352
1098
1113
1353
1099
1114
1354
1100
1115
1355
1101
1116
1356
1102
1117
1357
1103
1118
1358
1119
1359
1105
1120
1360
1106
1121
1361
1107
1122
1362
1108
1123
1363
1109
1124
1364
1110
1125
1365
1111
1126
1366
1112
1127
1367
1113
1128
1368
1114
1129
1369
1115
1130
1370
1116
1131
1371
1117
1132
1372
1118
1133
1373
1119
1134
1374
1135
1375
1121
1136
1376
1122
1137
1377
1123
1138
1378
1124
1139
1379
1125
1140
1380
1126
1141
1381
1127
1142
1382
1128
1143
1383
1129
1144
1384
1130
1145
1385
1131
1146
1386
1132
1147
1387
1133
1148
1388
1134
1149
1389
1135
1150
1390
1151
1391
1137
1152
1392
1138
1153
1393
1139
1154
1394
1140
1155
1395
1141
1156
1396
1142
1157
1397
1143
1158
1398
1144
1159
1399
1145
1160
1400
1146
1161
1401
1147
1162
1402
1148
1163
1403
1149
1164
1404
1150
1165
1405
1151
1166
1406
1167
1407
1153
1168
1408
1154
1169
1409
1155
1170
1410
1156
1171
1411
1157
1172
1412
1158
1173
1413
1159
1174
1414
1160
1175
1415
1161
1176
1416
1162
1177
1417
1163
1178
1418
1164
1179
1419
1165
1180
1420
1166
1181
1421
1167
1182
1422
1183
1423
1169
1184
1424
1170
1185
1425
1171
1186
1426
1172
1187
1427
1173
1188
1428
1174
1189
1429
1175
1190
1430
1176
1191
1431
1177
1192
1432
1178
1193
1433
1179
1194
1434
1180
1195
1435
1181
1196
1436
1182
1197
1437
1183
1198
1438
1199
1439
1185
1200
1440
1186
1201
1441
1187
1202
1442
1188
1203
1443
1189
1204
1444
1190
1205
1445
1191
1206
1446
1192
1207
1447
1193
1208
1448
1194
1209
1449
1195
1210
1450
1196
1211
1451
1197
1212
1452
1198
1213
1453
1199
1214
1454
1215
1455
1201
1216
1456
1202
1217
1457
1203
1218
1458
1204
1219
1459
1205
1220
1460
1206
1221
1461
1207
1222
1462
1208
1223
1463
1209
1224
1464
1210
1225
1465
1211
1226
1466
1212
1227
1467
1213
1228
1468
1214
1229
1469
1215
1230
1470
1231
1471
1217
1232
1472
1218
1233
1473
1219
1234
1474
1220
1235
1475
1221
1236
1476
1222
1237
1477
1223
1238
1478
1224
1239
1479
1225
1240
1480
1226
1241
1481
1227
1242
1482
1228
1243
1483
1229
1244
1484
1230
1245
1485
1231
1246
1486
1247
1487
1233
1248
1488
1234
1249
1489
1235
1250
1490
1236
1251
1491
1237
1252
1492
1238
1253
1493
1239
1254
1494
1240
1255
1495
1241
1256
1496
1242
1257
1497
1243
1258
1498
1244
1259
1499
1245
1260
1500
1246
1261
1501
1247
1262
1502
1263
1503
1249
1264
1504
1250
1265
1505
1251
1266
1506
1252
1267
1507
1253
1268
1508
1254
1269
1509
1255
1270
1510
1256
1271
1511
1257
1272
1512
1258
1273
1513
1259
1274
1514
1260
1275
1515
1261
1276
1516
1262
1277
1517
1263
1278
1518
1279
1519
1265
1520
1266
1521
1267
1522
1268
1523
1269
1524
1270
1525
1271
1526
1272
1527
1273
1528
1274
1529
1275
1530
1276
1531
1277
1532
1278
1533
1279
1534
1535
1281
1296
1536
1282
1297
1537
1283
1298
1538
1284
1299
1539
1285
1300
1540
1286
1301
1541
1287
1302
1542
1288
1303
1543
1289
1304
1544
1290
1305
1545
1291
1306
1546
1292
1307
1547
1293
1308
1548
1294
1309
1549
1295
1310
1550
1311
1551
1297
1312
1552
1298
1313
1553
1299
1314
1554
1300
1315
1555
1301
1316
1556
1302
1317
1557
1303
1318
1558
1304
1319
1559
1305
1320
1560
1306
1321
1561
1307
1322
1562
1308
1323
1563
1309
1324
1564
1310
1325
1565
1311
1326
1566
1327
1567
1313
1328
1568
1314
1329
1569
1315
1330
1570
1316
1331
1571
1317
1332
1572
1318
1333
1573
1319
1334
1574
1320
1335
1575
1321
1336
1576
1322
1337
1577
1323
1338
1578
1324
1339
1579
1325
1340
1580
1326
1341
1581
1327
1342
1582
1343
1583
1329
1344
1584
1330
1345
1585
1331
1346
1586
1332
1347
1587
1333
1348
1588
1334
1349
1589
1335
1350
1590
1336
1351
1591
1337
1352
1592
1338
1353
1593
1339
1354
1594
1340
1355
1595
1341
1356
1596
1342
1357
1597
1343
1358
1598
1359
1599
1345
1360
1600
1346
1361
1601
1347
1362
1602
1348
1363
1603
1349
1364
1604
1350
1365
1605
1351
1366
1606
1352
1367
1607
1353
1368
1608
1354
1369
1609
1355
1370
1610
1356
1371
1611
1357
1372
1612
1358
1373
1613
1359
1374
1614
1375
1615
1361
1376
1616
1362
1377
1617
1363
1378
1618
1364
1379
1619
1365
1380
1620
1366
1381
1621
1367
1382
1622
1368
1383
1623
1369
1384
1624
1370
1385
1625
1371
1386
1626
1372
1387
1627
1373
1388
1628
1374
1389
1629
1375
1390
1630
1391
1631
1377
1392
1632
1378
1393
1633
1379
1394
1634
1380
1395
1635
1381
1396
1636
1382
1397
1637
1383
1398
1638
1384
1399
1639
1385
1400
1640
1386
1401
1641
1387
1402
1642
1388
1403
1643
1389
1404
1644
1390
1405
1645
1391
1406
1646
1407
1647
1393
1408
1648
1394
1409
1649
1395
1410
1650
1396
1411
1651
1397
1412
1652
1398
1413
1653
1399
1414
1654
1400
1415
1655
1401
1416
1656
1402
1417
1657
1403
1418
1658
1404
1419
1659
1405
1420
1660
1406
1421
1661
1407
1422
1662
1423
1663
1409
1424
1664
1410
1425
1665
1411
1426
1666
1412
1427
1667
1413
1428
1668
1414
1429
1669
1415
1430
1670
1416
1431
1671
1417
1432
1672
1418
1433
1673
1419
1434
1674
1420
1435
1675
1421
1436
1676
1422
1437
1677
1423
1438
1678
1439
1679
1425
1440
1680
1426
1441
1681
1427
1442
1682
1428
1443
1683
1429
1444
1684
1430
1445
1685
1431
1446
1686
1432
1447
1687
1433
1448
1688
1434
1449
1689
1435
1450
1690
1436
1451
1691
1437
1452
1692
1438
1453
1693
1439
1454
1694
1455
1695
1441
1456
1696
1442
1457
1697
1443
1458
1698
1444
1459
1699
1445
1460
1700
1446
1461
1701
1447
1462
1702
1448
1463
1703
1449
1464
1704
1450
1465
1705
1451
1466
1706
1452
1467
1707
1453
1468
1708
1454
1469
1709
1455
1470
1710
1471
1711
1457
1472
1712
1458
1473
1713
1459
1474
1714
1460
1475
1715
1461
1476
1716
1462
1477
1717
1463
1478
1718
1464
1479
1719
1465
1480
1720
1466
1481
1721
1467
1482
1722
1468
1483
1723
1469
1484
1724
1470
1485
1725
1471
1486
1726
1487
1727
1473
1488
1728
1474
1489
1729
1475
1490
1730
1476
1491
1731
1477
1492
1732
1478
1493
1733
1479
1494
1734
1480
1495
1735
1481
1496
1736
1482
1497
1737
1483
1498
1738
1484
1499
1739
1485
1500
1740
1486
1501
1741
1487
1502
1742
1503
1743
1489
1504
1744
1490
1505
1745
1491
1506
1746
1492
1507
1747
1493
1508
1748
1494
1509
1749
1495
1510
1750
1496
1511
1751
1497
1512
1752
1498
1513
1753
1499
1514
1754
1500
1515
1755
1501
1516
1756
1502
1517
1757
1503
1518
1758
1519
1759
1505
1520
1760
1506
1521
1761
1507
1522
1762
1508
1523
1763
1509
1524
1764
1510
1525
1765
1511
1526
1766
1512
1527
1767
1513
1528
1768
1514
1529
1769
1515
1530
1770
1516
1531
1771
1517
1532
1772
1518
1533
1773
1519
1534
1774
1535
1775
1521
1776
1522
1777
1523
1778
1524
1779
1525
1780
1526
1781
1527
1782
1528
1783
1529
1784
1530
1785
1531
1786
1532
1787
1533
1788
1534
1789
1535
1790
1791
1537
1552
1792
1538
1553
1793
1539
1554
1794
1540
1555
1795
1541
1556
1796
1542
1557
1797
1543
1558
1798
1544
1559
1799
1545
1560
1800
1546
1561
1801
1547
1562
1802
1548
1563
1803
1549
1564
1804
1550
1565
1805
1551
1566
1806
1567
1807
1553
1568
1808
1554
1569
1809
1555
1570
1810
1556
1571
1811
1557
1572
1812
1558
1573
1813
1559
1574
1814
1560
1575
1815
1561
1576
1816
1562
1577
1817
1563
1578
1818
1564
1579
1819
1565
1580
1820
1566
1581
1821
1567
1582
1822
1583
1823
1569
1584
1824
1570
1585
1825
1571
1586
1826
1572
1587
1827
1573
1588
1828
1574
1589
1829
1575
1590
1830
1576
1591
1831
1577
1592
1832
1578
1593
1833
1579
1594
1834
1580
1595
1835
1581
1596
1836
1582
1597
1837
1583
1598
1838
1599
1839
1585
1600
1840
1586
1601
1841
1587
1602
1842
1588
1603
1843
1589
1604
1844
1590
1605
1845
1591
1606
1846
1592
1607
1847
1593
1608
1848
1594
1609
1849
1595
1610
1850
1596
1611
1851
1597
1612
1852
1598
1613
1853
1599
1614
1854
1615
1855
1601
1616
1856
1602
1617
1857
1603
1618
1858
1604
1619
1859
1605
1620
1860
1606
1621
1861
1607
1622
1862
1608
1623
1863
1609
1624
1864
1610
1625
1865
1611
1626
1866
1612
1627
1867
1613
1628
1868
1614
1629
1869
1615
1630
1870
1631
1871
1617
1632
1872
1618
1633
1873
1619
1634
1874
1620
1635
1875
1621
1636
1876
1622
1637
1877
1623
1638
1878
1624
1639
1879
1625
1640
1880
1626
1641
1881
1627
1642
1882
1628
1643
1883
1629
1644
1884
1630
1645
1885
1631
1646
1886
1647
1887
1633
1648
1888
1634
1649
1889
1635
1650
1890
1636
1651
1891
1637
1652
1892
1638
1653
1893
1639
1654
1894
1640
1655
1895
1641
1656
1896
1642
1657
1897
1643
1658
1898
1644
1659
1899
1645
1660
1900
1646
1661
1901
1647
1662
1902
1663
1903
1649
1664
1904
1650
1665
1905
1651
1666
1906
1652
1667
1907
1653
1668
1908
1654
1669
1909
1655
1670
1910
1656
1671
1911
1657
1672
1912
1658
1673
1913
1659
1674
1914
1660
1675
1915
1661
1676
1916
1662
1677
1917
1663
1678
1918
1679
1919
1665
1680
1920
1666
1681
1921
1667
1682
1922
1668
1683
1923
1669
1684
1924
1670
1685
1925
1671
1686
1926
1672
1687
1927
1673
1688
1928
1674
1689
1929
1675
1690
1930
1676
1691
1931
1677
1692
1932
1678
1693
1933
1679
1694
1934
1695
1935
1681
1696
1936
1682
1697
1937
1683
1698
1938
1684
1699
1939
1685
1700
1940
1686
1701
1941
1687
1702
1942
1688
1703
1943
1689
1704
1944
1690
1705
1945
1691
1706
1946
1692
1707
1947
1693
1708
1948
1694
1709
1949
1695
1710
1950
1711
1951
1697
1712
1952
1698
1713
1953
1699
1714
1954
1700
1715
1955
1701
1716
1956
1702
1717
1957
1703
1718
1958
1704
1719
1959
1705
1720
1960
1706
1721
1961
1707
1722
1962
1708
1723
1963
1709
1724
1964
1710
1725
1965
1711
1726
1966
1727
1967
1713
1728
1968
1714
1729
1969
1715
1730
1970
1716
1731
1971
1717
1732
1972
1718
1733
1973
1719
1734
1974
1720
1735
1975
1721
1736
1976
1722
1737
1977
1723
1738
1978
1724
1739
1979
1725
1740
1980
1726
1741
1981
1727
1742
1982
1743
1983
1729
1744
1984
1730
1745
1985
1731
1746
1986
1732
1747
1987
1733
1748
1988
1734
1749
1989
1735
1750
1990
1736
1751
1991
1737
1752
1992
1738
1753
1993
1739
1754
1994
1740
1755
1995
1741
1756
1996
1742
1757
1997
1743
1758
1998
1759
1999
1745
1760
2000
1746
1761
2001
1747
1762
2002
1748
1763
2003
1749
1764
2004
1750
1765
2005
1751
1766
2006
1752
1767
2007
1753
1768
2008
1754
1769
2009
1755
1770
2010
1756
1771
2011
1757
1772
2012
1758
1773
2013
1759
1774
2014
1775
2015
1761
1776
2016
1762
1777
2017
1763
1778
2018
1764
1779
2019
1765
1780
2020
1766
1781
2021
1767
1782
2022
1768
1783
2023
1769
1784
2024
1770
1785
2025
1771
1786
2026
1772
1787
2027
1773
1788
2028
1774
1789
2029
1775
1790
2030
1791
2031
1777
2032
1778
2033
1779
2034
1780
2035
1781
2036
1782
2037
1783
2038
1784
2039
1785
2040
1786
2041
1787
2042
1788
2043
1789
2044
1790
2045
1791
2046
2047
1793
1808
2048
1794
1809
2049
1795
1810
2050
1796
1811
2051
1797
1812
2052
1798
1813
2053
1799
1814
2054
1800
1815
2055
1801
1816
2056
1802
1817
2057
1803
1818
2058
1804
1819
2059
1805
1820
2060
1806
1821
2061
1807
1822
2062
1823
2063
1809
1824
2064
1810
1825
2065
1811
1826
2066
1812
1827
2067
1813
1828
2068
1814
1829
2069
1815
1830
2070
1816
1831
2071
1817
1832
2072
1818
1833
2073
1819
1834
2074
1820
1835
2075
1821
1836
2076
1822
1837
2077
1823
1838
2078
1839
2079
1825
1840
2080
1826
1841
2081
1827
1842
2082
1828
1843
2083
1829
1844
2084
1830
1845
2085
1831
1846
2086
1832
1847
2087
1833
1848
2088
1834
1849
2089
1835
1850
2090
1836
1851
2091
1837
1852
2092
1838
1853
2093
1839
1854
2094
1855
2095
1841
1856
2096
1842
1857
2097
1843
1858
2098
1844
1859
2099
1845
1860
2100
1846
1861
2101
1847
1862
2102
1848
1863
2103
1849
1864
2104
1850
1865
2105
1851
1866
2106
1852
1867
2107
1853
1868
2108
1854
1869
2109
1855
1870
2110
1871
2111
1857
1872
2112
1858
1873
2113
1859
1874
2114
1860
1875
2115
1861
1876
2116
1862
1877
2117
1863
1878
2118
1864
1879
2119
1865
1880
2120
1866
1881
2121
1867
1882
2122
1868
1883
2123
1869
1884
2124
1870
1885
2125
1871
1886
2126
1887
2127
1873
1888
2128
1874
1889
2129
1875
1890
2130
1876
1891
2131
1877
1892
2132
1878
1893
2133
1879
1894
2134
1880
1895
2135
1881
1896
2136
1882
1897
2137
1883
1898
2138
1884
1899
2139
1885
1900
2140
1886
1901
2141
1887
1902
2142
1903
2143
1889
1904
2144
1890
1905
2145
1891
1906
2146
1892
1907
2147
1893
1908
2148
1894
1909
2149
1895
1910
2150
1896
1911
2151
1897
1912
2152
1898
1913
2153
1899
1914
2154
1900
1915
2155
1901
1916
2156
1902
1917
2157
1903
1918
2158
1919
2159
1905
1920
2160
1906
1921
2161
1907
1922
2162
1908
1923
2163
1909
1924
2164
1910
1925
2165
1911
1926
2166
1912
1927
2167
1913
1928
2168
1914
1929
2169
1915
1930
2170
1916
1931
2171
1917
1932
2172
1918
1933
2173
1919
1934
2174
1935
2175
1921
1936
2176
1922
1937
2177
1923
1938
2178
1924
1939
2179
1925
1940
2180
1926
1941
2181
1927
1942
2182
1928
1943
2183
1929
1944
2184
1930
1945
2185
1931
1946
2186
1932
1947
2187
1933
1948
2188
1934
1949
2189
1935
1950
2190
1951
2191
1937
1952
2192
1938
1953
2193
1939
1954
2194
1940
1955
2195
1941
1956
2196
1942
1957
2197
1943
1958
2198
1944
1959
2199
1945
1960
2200
1946
1961
2201
1947
1962
2202
1948
1963
2203
1949
1964
2204
1950
1965
2205
1951
1966
2206
1967
2207
1953
1968
2208
1954
1969
2209
1955
1970
2210
1956
1971
2211
1957
1972
2212
1958
1973
2213
1959
1974
2214
1960
1975
2215
1961
1976
2216
1962
1977
2217
1963
1978
2218
1964
1979
2219
1965
1980
2220
1966
1981
2221
1967
1982
2222
1983
2223
1969
1984
2224
1970
1985
2225
1971
1986
2226
1972
1987
2227
1973
1988
2228
1974
1989
2229
1975
1990
2230
1976
1991
2231
1977
1992
2232
1978
1993
2233
1979
1994
2234
1980
1995
2235
1981
1996
2236
1982
1997
2237
1983
1998
2238
1999
2239
1985
2000
2240
1986
2001
2241
1987
2002
2242
1988
2003
2243
1989
2004
2244
1990
2005
2245
1991
2006
2246
1992
2007
2247
1993
2008
2248
1994
2009
2249
1995
2010
2250
1996
2011
2251
1997
2012
2252
1998
2013
2253
1999
2014
2254
2015
2255
2001
2016
2256
2002
2017
2257
2003
2018
2258
2004
2019
2259
2005
2020
2260
2006
2021
2261
2007
2022
2262
2008
2023
2263
2009
2024
2264
2010
2025
2265
2011
2026
2266
2012
2027
2267
2013
2028
2268
2014
2029
2269
2015
2030
2270
2031
2271
2017
2032
2272
2018
2033
2273
2019
2034
2274
2020
2035
2275
2021
2036
2276
2022
2037
2277
2023
2038
2278
2024
2039
2279
2025
2040
2280
2026
2041
2281
2027
2042
2282
2028
2043
2283
2029
2044
2284
2030
2045
2285
2031
2046
2286
2047
2287
2033
2288
2034
2289
2035
2290
2036
2291
2037
2292
2038
2293
2039
2294
2040
2295
2041
2296
2042
2297
2043
2298
2044
2299
2045
2300
2046
2301
2047
2302
2303
2049
2064
2304
2050
2065
2305
2051
2066
2306
2052
2067
2307
2053
2068
2308
2054
2069
2309
2055
2070
2310
2056
2071
2311
2057
2072
2312
2058
2073
2313
2059
2074
2314
2060
2075
2315
2061
2076
2316
2062
2077
2317
2063
2078
2318
2079
2319
2065
2080
2320
2066
2081
2321
2067
2082
2322
2068
2083
2323
2069
2084
2324
2070
2085
2325
2071
2086
2326
2072
2087
2327
2073
2088
2328
2074
2089
2329
2075
2090
2330
2076
2091
2331
2077
2092
2332
2078
2093
2333
2079
2094
2334
2095
2335
2081
2096
2336
2082
2097
2337
2083
2098
2338
2084
2099
2339
2085
2100
2340
2086
2101
2341
2087
2102
2342
2088
2103
2343
2089
2104
2344
2090
2105
2345
2091
2106
2346
2092
2107
2347
2093
2108
2348
2094
2109
2349
2095
2110
2350
2111
2351
2097
2112
2352
2098
2113
2353
2099
2114
2354
2100
2115
2355
2101
2116
2356
2102
2117
2357
2103
2118
2358
2104
2119
2359
2105
2120
2360
2106
2121
2361
2107
2122
2362
2108
2123
2363
2109
2124
2364
2110
2125
2365
2111
2126
2366
2127
2367
2113
2128
2368
2114
2129
2369
2115
2130
2370
2116
2131
2371
2117
2132
2372
2118
2133
2373
2119
2134
2374
2120
2135
2375
2121
2136
2376
2122
2137
2377
2123
2138
2378
2124
2139
2379
2125
2140
2380
2126
2141
2381
2127
2142
2382
2143
2383
2129
2144
2384
2130
2145
2385
2131
2146
2386
2132
2147
2387
2133
2148
2388
2134
2149
2389
2135
2150
2390
2136
2151
2391
2137
2152
2392
2138
2153
2393
2139
2154
2394
2140
2155
2395
2141
2156
2396
2142
2157
2397
2143
2158
2398
2159
2399
2145
2160
2400
2146
2161
2401
2147
2162
2402
2148
2163
2403
2149
2164
2404
2150
2165
2405
2151
2166
2406
2152
2167
2407
2153
2168
2408
2154
2169
2409
2155
2170
2410
2156
2171
2411
2157
2172
2412
2158
2173
2413
2159
2174
2414
2175
2415
2161
2176
2416
2162
2177
2417
2163
2178
2418
2164
2179
2419
2165
2180
2420
2166
2181
2421
2167
2182
2422
2168
2183
2423
2169
2184
2424
2170
2185
2425
2171
2186
2426
2172
2187
2427
2173
2188
2428
2174
2189
2429
2175
2190
2430
2191
2431
2177
2192
2432
2178
2193
2433
2179
2194
2434
2180
2195
2435
2181
2196
2436
2182
2197
2437
2183
2198
2438
2184
2199
2439
2185
2200
2440
2186
2201
2441
2187
2202
2442
2188
2203
2443
2189
2204
2444
2190
2205
2445
2191
2206
2446
2207
2447
2193
2208
2448
2194
2209
2449
2195
2210
2450
2196
2211
2451
2197
2212
2452
2198
2213
2453
2199
2214
2454
2200
2215
2455
2201
2216
2456
2202
2217
2457
2203
2218
2458
2204
2219
2459
2205
2220
2460
2206
2221
2461
2207
2222
2462
2223
2463
2209
2224
2464
2210
2225
2465
2211
2226
2466
2212
2227
2467
2213
2228
2468
2214
2229
2469
2215
2230
2470
2216
2231
2471
2217
2232
2472
2218
2233
2473
2219
2234
2474
2220
2235
2475
2221
2236
2476
2222
2237
2477
2223
2238
2478
2239
2479
2225
2240
2480
2226
2241
2481
2227
2242
2482
2228
2243
2483
2229
2244
2484
2230
2245
2485
2231
2246
2486
2232
2247
2487
2233
2248
2488
2234
2249
2489
2235
2250
2490
2236
2251
2491
2237
2252
2492
2238
2253
2493
2239
2254
2494
2255
2495
2241
2256
2496
2242
2257
2497
2243
2258
2498
2244
2259
2499
2245
2260
2500
2246
2261
2501
2247
2262
2502
2248
2263
2503
2249
2264
2504
2250
2265
2505
2251
2266
2506
2252
2267
2507
2253
2268
2508
2254
2269
2509
2255
2270
2510
2271
2511
2257
2272
2512
2258
2273
2513
2259
2274
2514
2260
2275
2515
2261
2276
2516
2262
2277
2517
2263
2278
2518
2264
2279
2519
2265
2280
2520
2266
2281
2521
2267
2282
2522
2268
2283
2523
2269
2284
2524
2270
2285
2525
2271
2286
2526
2287
2527
2273
2288
2528
2274
2289
2529
2275
2290
2530
2276
2291
2531
2277
2292
2532
2278
2293
2533
2279
2294
2534
2280
2295
2535
2281
2296
2536
2282
2297
2537
2283
2298
2538
2284
2299
2539
2285
2300
2540
2286
2301
2541
2287
2302
2542
2303
2543
2289
2544
2290
2545
2291
2546
2292
2547
2293
2548
2294
2549
2295
2550
2296
2551
2297
2552
2298
2553
2299
2554
2300
2555
2301
2556
2302
2557
2303
2558
2559
2305
2320
2560
2306
2321
2561
2307
2322
2562
2308
2323
2563
2309
2324
2564
2310
2325
2565
2311
2326
2566
2312
2327
2567
2313
2328
2568
2314
2329
2569
2315
2330
2570
2316
2331
2571
2317
2332
2572
2318
2333
2573
2319
2334
2574
2335
2575
2321
2336
2576
2322
2337
2577
2323
2338
2578
2324
2339
2579
2325
2340
2580
2326
2341
2581
2327
2342
2582
2328
2343
2583
2329
2344
2584
2330
2345
2585
2331
2346
2586
2332
2347
2587
2333
2348
2588
2334
2349
2589
2335
2350
2590
2351
2591
2337
2352
2592
2338
2353
2593
2339
2354
2594
2340
2355
2595
2341
2356
2596
2342
2357
2597
2343
2358
2598
2344
2359
2599
2345
2360
2600
2346
2361
2601
2347
2362
2602
2348
2363
2603
2349
2364
2604
2350
2365
2605
2351
2366
2606
2367
2607
2353
2368
2608
2354
2369
2609
2355
2370
2610
2356
2371
2611
2357
2372
2612
2358
2373
2613
2359
2374
2614
2360
2375
2615
2361
2376
2616
2362
2377
2617
2363
2378
2618
2364
2379
2619
2365
2380
2620
2366
2381
2621
2367
2382
2622
2383
2623
2369
2384
2624
2370
2385
2625
2371
2386
2626
2372
2387
2627
2373
2388
2628
2374
2389
2629
2375
2390
2630
2376
2391
2631
2377
2392
2632
2378
2393
2633
2379
2394
2634
2380
2395
2635
2381
2396
2636
2382
2397
2637
2383
2398
2638
2399
2639
2385
2400
2640
2386
2401
2641
2387
2402
2642
2388
2403
2643
2389
2404
2644
2390
2405
2645
2391
2406
2646
2392
2407
2647
2393
2408
2648
2394
2409
2649
2395
2410
2650
2396
2411
2651
2397
2412
2652
2398
2413
2653
2399
2414
2654
2415
2655
2401
2416
2656
2402
2417
2657
2403
2418
2658
2404
2419
2659
2405
2420
2660
2406
2421
2661
2407
2422
2662
2408
2423
2663
2409
2424
2664
2410
2425
2665
2411
2426
2666
2412
2427
2667
2413
2428
2668
2414
2429
2669
2415
2430
2670
2431
2671
2417
2432
2672
2418
2433
2673
2419
2434
2674
2420
2435
2675
2421
2436
2676
2422
2437
2677
2423
2438
2678
2424
2439
2679
2425
2440
2680
2426
2441
2681
2427
2442
2682
2428
2443
2683
2429
2444
2684
2430
2445
2685
2431
2446
2686
2447
2687
2433
2448
2688
2434
2449
2689
2435
2450
2690
2436
2451
2691
2437
2452
2692
2438
2453
2693
2439
2454
2694
2440
2455
2695
2441
2456
2696
2442
2457
2697
2443
2458
2698
2444
2459
2699
2445
2460
2700
2446
2461
2701
2447
2462
2702
2463
2703
2449
2464
2704
2450
2465
2705
2451
2466
2706
2452
2467
2707
2453
2468
2708
2454
2469
2709
2455
2470
2710
2456
2471
2711
2457
2472
2712
2458
2473
2713
2459
2474
2714
2460
2475
2715
2461
2476
2716
2462
2477
2717
2463
2478
2718
2479
2719
2465
2480
2720
2466
2481
2721
2467
2482
2722
2468
2483
2723
2469
2484
2724
2470
2485
2725
2471
2486
2726
2472
2487
2727
2473
2488
2728
2474
2489
2729
2475
2490
2730
2476
2491
2731
2477
2492
2732
2478
2493
2733
2479
2494
2734
2495
2735
2481
2496
2736
2482
2497
2737
2483
2498
2738
2484
2499
2739
2485
2500
2740
2486
2501
2741
2487
2502
2742
2488
2503
2743
2489
2504
2744
2490
2505
2745
2491
2506
2746
2492
2507
2747
2493
2508
2748
2494
2509
2749
2495
2510
2750
2511
2751
2497
2512
2752
2498
2513
2753
2499
2514
2754
2500
2515
2755
2501
2516
2756
2502
2517
2757
2503
2518
2758
2504
2519
2759
2505
2520
2760
2506
2521
2761
2507
2522
2762
2508
2523
2763
2509
2524
2764
2510
2525
2765
2511
2526
2766
2527
2767
2513
2528
2768
2514
2529
2769
2515
2530
2770
2516
2531
2771
2517
2532
2772
2518
2533
2773
2519
2534
2774
2520
2535
2775
2521
2536
2776
2522
2537
2777
2523
2538
2778
2524
2539
2779
2525
2540
2780
2526
2541
2781
2527
2542
2782
2543
2783
2529
2544
2784
2530
2545
2785
2531
2546
2786
2532
2547
2787
2533
2548
2788
2534
2549
2789
2535
2550
2790
2536
2551
2791
2537
2552
2792
2538
2553
2793
2539
2554
2794
2540
2555
2795
2541
2556
2796
2542
2557
2797
2543
2558
2798
2559
2799
2545
2800
2546
2801
2547
2802
2548
2803
2549
2804
2550
2805
2551
2806
2552
2807
2553
2808
2554
2809
2555
2810
2556
2811
2557
2812
2558
2813
2559
2814
2815
2561
2576
2816
2562
2577
2817
2563
2578
2818
2564
2579
2819
2565
2580
2820
2566
2581
2821
2567
2582
2822
2568
2583
2823
2569
2584
2824
2570
2585
2825
2571
2586
2826
2572
2587
2827
2573
2588
2828
2574
2589
2829
2575
2590
2830
2591
2831
2577
2592
2832
2578
2593
2833
2579
2594
2834
2580
2595
2835
2581
2596
2836
2582
2597
2837
2583
2598
2838
2584
2599
2839
2585
2600
2840
2586
2601
2841
2587
2602
2842
2588
2603
2843
2589
2604
2844
2590
2605
2845
2591
2606
2846
2607
2847
2593
2608
2848
2594
2609
2849
2595
2610
2850
2596
2611
2851
2597
2612
2852
2598
2613
2853
2599
2614
2854
2600
2615
2855
2601
2616
2856
2602
2617
2857
2603
2618
2858
2604
2619
2859
2605
2620
2860
2606
2621
2861
2607
2622
2862
2623
2863
2609
2624
2864
2610
2625
2865
2611
2626
2866
2612
2627
2867
2613
2628
2868
2614
2629
2869
2615
2630
2870
2616
2631
2871
2617
2632
2872
2618
2633
2873
2619
2634
2874
2620
2635
2875
2621
2636
2876
2622
2637
2877
2623
2638
2878
2639
2879
2625
2640
2880
2626
2641
2881
2627
2642
2882
2628
2643
2883
2629
2644
2884
2630
2645
2885
2631
2646
2886
2632
2647
2887
2633
2648
2888
2634
2649
2889
2635
2650
2890
2636
2651
2891
2637
2652
2892
2638
2653
2893
2639
2654
2894
2655
2895
2641
2656
2896
2642
2657
2897
2643
2658
2898
2644
2659
2899
2645
2660
2900
2646
2661
2901
2647
2662
2902
2648
2663
2903
2649
2664
2904
2650
2665
2905
2651
2666
2906
2652
2667
2907
2653
2668
2908
2654
2669
2909
2655
2670
2910
2671
2911
2657
2672
2912
2658
2673
2913
2659
2674
2914
2660
2675
2915
2661
2676
2916
2662
2677
2917
2663
2678
2918
2664
2679
2919
2665
2680
2920
2666
2681
2921
2667
2682
2922
2668
2683
2923
2669
2684
2924
2670
2685
2925
2671
2686
2926
2687
2927
2673
2688
2928
2674
2689
2929
2675
2690
2930
2676
2691
2931
2677
2692
2932
2678
2693
2933
2679
2694
2934
2680
2695
2935
2681
2696
2936
2682
2697
2937
2683
2698
2938
2684
2699
2939
2685
2700
2940
2686
2701
2941
2687
2702
2942
2703
2943
2689
2704
2944
2690
2705
2945
2691
2706
2946
2692
2707
2947
2693
2708
2948
2694
2709
2949
2695
2710
2950
2696
2711
2951
2697
2712
2952
2698
2713
2953
2699
2714
2954
2700
2715
2955
2701
2716
2956
2702
2717
2957
2703
2718
2958
2719
2959
2705
2720
2960
2706
2721
2961
2707
2722
2962
2708
2723
2963
2709
2724
2964
2710
2725
2965
2711
2726
2966
2712
2727
2967
2713
2728
2968
2714
2729
2969
2715
2730
2970
2716
2731
2971
2717
2732
2972
2718
2733
2973
2719
2734
2974
2735
2975
2721
2736
2976
2722
2737
2977
2723
2738
2978
2724
2739
2979
2725
2740
2980
2726
2741
2981
2727
2742
2982
2728
2743
2983
2729
2744
2984
2730
2745
2985
2731
2746
2986
2732
2747
2987
2733
2748
2988
2734
2749
2989
2735
2750
2990
2751
2991
2737
2752
2992
2738
2753
2993
2739
2754
2994
2740
2755
2995
2741
2756
2996
2742
2757
2997
2743
2758
2998
2744
2759
2999
2745
2760
3000
2746
2761
3001
2747
2762
3002
2748
2763
3003
2749
2764
3004
2750
2765
3005
2751
2766
3006
2767
3007
2753
2768
3008
2754
2769
3009
2755
2770
3010
2756
2771
3011
2757
2772
3012
2758
2773
3013
2759
2774
3014
2760
2775
3015
2761
2776
3016
2762
2777
3017
2763
2778
3018
2764
2779
3019
2765
2780
3020
2766
2781
3021
2767
2782
3022
2783
3023
2769
2784
3024
2770
2785
3025
2771
2786
3026
2772
2787
3027
2773
2788
3028
2774
2789
3029
2775
2790
3030
2776
2791
3031
2777
2792
3032
2778
2793
3033
2779
2794
3034
2780
2795
3035
2781
2796
3036
2782
2797
3037
2783
2798
3038
2799
3039
2785
2800
3040
2786
2801
3041
2787
2802
3042
2788
2803
3043
2789
2804
3044
2790
2805
3045
2791
2806
3046
2792
2807
3047
2793
2808
3048
2794
2809
3049
2795
2810
3050
2796
2811
3051
2797
2812
3052
2798
2813
3053
2799
2814
3054
2815
3055
2801
3056
2802
3057
2803
3058
2804
3059
2805
3060
2806
3061
2807
3062
2808
3063
2809
3064
2810
3065
2811
3066
2812
3067
2813
3068
2814
3069
2815
3070
3071
2817
2832
3072
2818
2833
3073
2819
2834
3074
2820
2835
3075
2821
2836
3076
2822
2837
3077
2823
2838
3078
2824
2839
3079
2825
2840
3080
2826
2841
3081
2827
2842
3082
2828
2843
3083
2829
2844
3084
2830
2845
3085
2831
2846
3086
2847
3087
2833
2848
3088
2834
2849
3089
2835
2850
3090
2836
2851
3091
2837
2852
3092
2838
2853
3093
2839
2854
3094
2840
2855
3095
2841
2856
3096
2842
2857
3097
2843
2858
3098
2844
2859
3099
2845
2860
3100
2846
2861
3101
2847
2862
3102
2863
3103
2849
2864
3104
2850
2865
3105
2851
2866
3106
2852
2867
3107
2853
2868
3108
2854
2869
3109
2855
2870
3110
2856
2871
3111
2857
2872
3112
2858
2873
3113
2859
2874
3114
2860
2875
3115
2861
2876
3116
2862
2877
3117
2863
2878
3118
2879
3119
2865
2880
3120
2866
2881
3121
2867
2882
3122
2868
2883
3123
2869
2884
3124
2870
2885
3125
2871
2886
3126
2872
2887
3127
2873
2888
3128
2874
2889
3129
2875
2890
3130
2876
2891
3131
2877
2892
3132
2878
2893
3133
2879
2894
3134
2895
3135
2881
2896
3136
2882
2897
3137
2883
2898
3138
2884
2899
3139
2885
2900
3140
2886
2901
3141
2887
2902
3142
2888
2903
3143
2889
2904
3144
2890
2905
3145
2891
2906
3146
2892
2907
3147
2893
2908
3148
2894
2909
3149
2895
2910
3150
2911
3151
2897
2912
3152
2898
2913
3153
2899
2914
3154
2900
2915
3155
2901
2916
3156
2902
2917
3157
2903
2918
3158
2904
2919
3159
2905
2920
3160
2906
2921
3161
2907
2922
3162
2908
2923
3163
2909
2924
3164
2910
2925
3165
2911
2926
3166
2927
3167
2913
2928
3168
2914
2929
3169
2915
2930
3170
2916
2931
3171
2917
2932
3172
2918
2933
3173
2919
2934
3174
2920
2935
3175
2921
2936
3176
2922
2937
3177
2923
2938
3178
2924
2939
3179
2925
2940
3180
2926
2941
3181
2927
2942
3182
2943
3183
2929
2944
3184
2930
2945
3185
2931
2946
3186
2932
2947
3187
2933
2948
3188
2934
2949
3189
2935
2950
3190
2936
2951
3191
2937
2952
3192
2938
2953
3193
2939
2954
3194
2940
2955
3195
2941
2956
3196
2942
2957
3197
2943
2958
3198
2959
3199
2945
2960
3200
2946
2961
3201
2947
2962
3202
2948
2963
3203
2949
2964
3204
2950
2965
3205
2951
2966
3206
2952
2967
3207
2953
2968
3208
2954
2969
3209
2955
2970
3210
2956
2971
3211
2957
2972
3212
2958
2973
3213
2959
2974
3214
2975
3215
2961
2976
3216
2962
2977
3217
2963
2978
3218
2964
2979
3219
2965
2980
3220
2966
2981
3221
2967
2982
3222
2968
2983
3223
2969
2984
3224
2970
2985
3225
2971
2986
3226
2972
2987
3227
2973
2988
3228
2974
2989
3229
2975
2990
3230
2991
3231
2977
2992
3232
2978
2993
3233
2979
2994
3234
2980
2995
3235
2981
2996
3236
2982
2997
3237
2983
2998
3238
2984
2999
3239
2985
3000
3240
2986
3001
3241
2987
3002
3242
2988
3003
3243
2989
3004
3244
2990
3005
3245
2991
3006
3246
3007
3247
2993
3008
3248
2994
3009
3249
2995
3010
3250
2996
3011
3251
2997
3012
3252
2998
3013
3253
2999
3014
3254
3000
3015
3255
3001
3016
3256
3002
3017
3257
3003
3018
3258
3004
3019
3259
3005
3020
3260
3006
3021
3261
3007
3022
3262
3023
3263
3009
3024
3264
3010
3025
3265
3011
3026
3266
3012
3027
3267
3013
3028
3268
3014
3029
3269
3015
3030
3270
3016
3031
3271
3017
3032
3272
3018
3033
3273
3019
3034
3274
3020
3035
3275
3021
3036
3276
3022
3037
3277
3023
3038
3278
3039
3279
3025
3040
3280
3026
3041
3281
3027
3042
3282
3028
3043
3283
3029
3044
3284
3030
3045
3285
3031
3046
3286
3032
3047
3287
3033
3048
3288
3034
3049
3289
3035
3050
3290
3036
3051
3291
3037
3052
3292
3038
3053
3293
3039
3054
3294
3055
3295
3041
3056
3296
3042
3057
3297
3043
3058
3298
3044
3059
3299
3045
3060
3300
3046
3061
3301
3047
3062
3302
3048
3063
3303
3049
3064
3304
3050
3065
3305
3051
3066
3306
3052
3067
3307
3053
3068
3308
3054
3069
3309
3055
3070
3310
3071
3311
3057
3312
3058
3313
3059
3314
3060
3315
3061
3316
3062
3317
3063
3318
3064
3319
3065
3320
3066
3321
3067
3322
3068
3323
3069
3324
3070
3325
3071
3326
3327
3073
3088
3328
3074
3089
3329
3075
3090
3330
3076
3091
3331
3077
3092
3332
3078
3093
3333
3079
3094
3334
3080
3095
3335
3081
3096
3336
3082
3097
3337
3083
3098
3338
3084
3099
3339
3085
3100
3340
3086
3101
3341
3087
3102
3342
3103
3343
3089
3104
3344
3090
3105
3345
3091
3106
3346
3092
3107
3347
3093
3108
3348
3094
3109
3349
3095
3110
3350
3096
3111
3351
3097
3112
3352
3098
3113
3353
3099
3114
3354
3100
3115
3355
3101
3116
3356
3102
3117
3357
3103
3118
3358
3119
3359
3105
3120
3360
3106
3121
3361
3107
3122
3362
3108
3123
3363
3109
3124
3364
3110
3125
3365
3111
3126
3366
3112
3127
3367
3113
3128
3368
3114
3129
3369
3115
3130
3370
3116
3131
3371
3117
3132
3372
3118
3133
3373
3119
3134
3374
3135
3375
3121
3136
3376
3122
3137
3377
3123
3138
3378
3124
3139
3379
3125
3140
3380
3126
3141
3381
3127
3142
3382
3128
3143
3383
3129
3144
3384
3130
3145
3385
3131
3146
3386
3132
3147
3387
3133
3148
3388
3134
3149
3389
3135
3150
3390
3151
3391
3137
3152
3392
3138
3153
3393
3139
3154
3394
3140
3155
3395
3141
3156
3396
3142
3157
3397
3143
3158
3398
3144
3159
3399
3145
3160
3400
3146
3161
3401
3147
3162
3402
3148
3163
3403
3149
3164
3404
3150
3165
3405
3151
3166
3406
3167
3407
3153
3168
3408
3154
3169
3409
3155
3170
3410
3156
3171
3411
3157
3172
3412
3158
3173
3413
3159
3174
3414
3160
3175
3415
3161
3176
3416
3162
3177
3417
3163
3178
3418
3164
3179
3419
3165
3180
3420
3166
3181
3421
3167
3182
3422
3183
3423
3169
3184
3424
3170
3185
3425
3171
3186
3426
3172
3187
3427
3173
3188
3428
3174
3189
3429
3175
3190
3430
3176
3191
3431
3177
3192
3432
3178
3193
3433
3179
3194
3434
3180
3195
3435
3181
3196
3436
3182
3197
3437
3183
3198
3438
3199
3439
3185
3200
3440
3186
3201
3441
3187
3202
3442
3188
3203
3443
3189
3204
3444
3190
3205
3445
3191
3206
3446
3192
3207
3447
3193
3208
3448
3194
3209
3449
3195
3210
3450
3196
3211
3451
3197
3212
3452
3198
3213
3453
3199
3214
3454
3215
3455
3201
3216
3456
3202
3217
3457
3203
3218
3458
3204
3219
3459
3205
3220
3460
3206
3221
3461
3207
3222
3462
3208
3223
3463
3209
3224
3464
3210
3225
3465
3211
3226
3466
3212
3227
3467
3213
3228
3468
3214
3229
3469
3215
3230
3470
3231
3471
3217
3232
3472
3218
3233
3473
3219
3234
3474
3220
3235
3475
3221
3236
3476
3222
3237
3477
3223
3238
3478
3224
3239
3479
3225
3240
3480
3226
3241
3481
3227
3242
3482
3228
3243
3483
3229
3244
3484
3230
3245
3485
3231
3246
3486
3247
3487
3233
3248
3488
3234
3249
3489
3235
3250
3490
3236
3251
3491
3237
3252
3492
3238
3253
3493
3239
3254
3494
3240
3255
3495
3241
3256
3496
3242
3257
3497
3243
3258
3498
3244
3259
3499
3245
3260
3500
3246
3261
3501
3247
3262
3502
3263
3503
3249
3264
3504
3250
3265
3505
3251
3266
3506
3252
3267
3507
3253
3268
3508
3254
3269
3509
3255
3270
3510
3256
3271
3511
3257
3272
3512
3258
3273
3513
3259
3274
3514
3260
3275
3515
3261
3276
3516
3262
3277
3517
3263
3278
3518
3279
3519
3265
3280
3520
3266
3281
3521
3267
3282
3522
3268
3283
3523
3269
3284
3524
3270
3285
3525
3271
3286
3526
3272
3287
3527
3273
3288
3528
3274
3289
3529
3275
3290
3530
3276
3291
3531
3277
3292
3532
3278
3293
3533
3279
3294
3534
3295
3535
3281
3296
3536
3282
3297
3537
3283
3298
3538
3284
3299
3539
3285
3300
3540
3286
3301
3541
3287
3302
3542
3288
3303
3543
3289
3304
3544
3290
3305
3545
3291
3306
3546
3292
3307
3547
3293
3308
3548
3294
3309
3549
3295
3310
3550
3311
3551
3297
3312
3552
3298
3313
3553
3299
3314
3554
3300
3315
3555
3301
3316
3556
3302
3317
3557
3303
3318
3558
3304
3319
3559
3305
3320
3560
3306
3321
3561
3307
3322
3562
3308
3323
3563
3309
3324
3564
3310
3325
3565
3311
3326
3566
3327
3567
3313
3568
3314
3569
3315
3570
3316
3571
3317
3572
3318
3573
3319
3574
3320
3575
3321
3576
3322
3577
3323
3578
3324
3579
3325
3580
3326
3581
3327
3582
3583
3329
3344
3584
3330
3345
3585
3331
3346
3586
3332
3347
3587
3333
3348
3588
3334
3349
3589
3335
3350
3590
3336
3351
3591
3337
3352
3592
3338
3353
3593
3339
3354
3594
3340
3355
3595
3341
3356
3596
3342
3357
3597
3343
3358
3598
3359
3599
3345
3360
3600
3346
3361
3601
3347
3362
3602
3348
3363
3603
3349
3364
3604
3350
3365
3605
3351
3366
3606
3352
3367
3607
3353
3368
3608
3354
3369
3609
3355
3370
3610
3356
3371
3611
3357
3372
3612
3358
3373
3613
3359
3374
3614
3375
3615
3361
3376
3616
3362
3377
3617
3363
3378
3618
3364
3379
3619
3365
3380
3620
3366
3381
3621
3367
3382
3622
3368
3383
3623
3369
3384
3624
3370
3385
3625
3371
3386
3626
3372
3387
3627
3373
3388
3628
3374
3389
3629
3375
3390
3630
3391
3631
3377
3392
3632
3378
3393
3633
3379
3394
3634
3380
3395
3635
3381
3396
3636
3382
3397
3637
3383
3398
3638
3384
3399
3639
3385
3400
3640
3386
3401
3641
3387
3402
3642
3388
3403
3643
3389
3404
3644
3390
3405
3645
3391
3406
3646
3407
3647
3393
3408
3648
3394
3409
3649
3395
3410
3650
3396
3411
3651
3397
3412
3652
3398
3413
3653
3399
3414
3654
3400
3415
3655
3401
3416
3656
3402
3417
3657
3403
3418
3658
3404
3419
3659
3405
3420
3660
3406
3421
3661
3407
3422
3662
3423
3663
3409
3424
3664
3410
3425
3665
3411
3426
3666
3412
3427
3667
3413
3428
3668
3414
3429
3669
3415
3430
3670
3416
3431
3671
3417
3432
3672
3418
3433
3673
3419
3434
3674
3420
3435
3675
3421
3436
3676
3422
3437
3677
3423
3438
3678
3439
3679
3425
3440
3680
3426
3441
3681
3427
3442
3682
3428
3443
3683
3429
3444
3684
3430
3445
3685
3431
3446
3686
3432
3447
3687
3433
3448
3688
3434
3449
3689
3435
3450
3690
3436
3451
3691
3437
3452
3692
3438
3453
3693
3439
3454
3694
3455
3695
3441
3456
3696
3442
3457
3697
3443
3458
3698
3444
3459
3699
3445
3460
3700
3446
3461
3701
3447
3462
3702
3448
3463
3703
3449
3464
3704
3450
3465
3705
3451
3466
3706
3452
3467
3707
3453
3468
3708
3454
3469
3709
3455
3470
3710
3471
3711
3457
3472
3712
3458
3473
3713
3459
3474
3714
3460
3475
3715
3461
3476
3716
3462
3477
3717
3463
3478
3718
3464
3479
3719
3465
3480
3720
3466
3481
3721
3467
3482
3722
3468
3483
3723
3469
3484
3724
3470
3485
3725
3471
3486
3726
3487
3727
3473
3488
3728
3474
3489
3729
3475
3490
3730
3476
3491
3731
3477
3492
3732
3478
3493
3733
3479
3494
3734
3480
3495
3735
3481
3496
3736
3482
3497
3737
3483
3498
3738
3484
3499
3739
3485
3500
3740
3486
3501
3741
3487
3502
3742
3503
3743
3489
3504
3744
3490
3505
3745
3491
3506
3746
3492
3507
3747
3493
3508
3748
3494
3509
3749
3495
3510
3750
3496
3511
3751
3497
3512
3752
3498
3513
3753
3499
3514
3754
3500
3515
3755
3501
3516
3756
3502
3517
3757
3503
3518
3758
3519
3759
3505
3520
3760
3506
3521
3761
3507
3522
3762
3508
3523
3763
3509
3524
3764
3510
3525
3765
3511
3526
3766
3512
3527
3767
3513
3528
3768
3514
3529
3769
3515
3530
3770
3516
3531
3771
3517
3532
3772
3518
3533
3773
3519
3534
3774
3535
3775
3521
3536
3776
3522
3537
3777
3523
3538
3778
3524
3539
3779
3525
3540
3780
3526
3541
3781
3527
3542
3782
3528
3543
3783
3529
3544
3784
3530
3545
3785
3531
3546
3786
3532
3547
3787
3533
3548
3788
3534
3549
3789
3535
3550
3790
3551
3791
3537
3552
3792
3538
3553
3793
3539
3554
3794
3540
3555
3795
3541
3556
3796
3542
3557
3797
3543
3558
3798
3544
3559
3799
3545
3560
3800
3546
3561
3801
3547
3562
3802
3548
3563
3803
3549
3564
3804
3550
3565
3805
3551
3566
3806
3567
3807
3553
3568
3808
3554
3569
3809
3555
3570
3810
3556
3571
3811
3557
3572
3812
3558
3573
3813
3559
3574
3814
3560
3575
3815
3561
3576
3816
3562
3577
3817
3563
3578
3818
3564
3579
3819
3565
3580
3820
3566
3581
3821
3567
3582
3822
3583
3823
3569
3824
3570
3825
3571
3826
3572
3827
3573
3828
3574
3829
3575
3830
3576
3831
3577
3832
3578
3833
3579
3834
3580
3835
3581
3836
3582
3837
3583
3838
3839
3585
3600
3840
3586
3601
3841
3587
3602
3842
3588
3603
3843
3589
3604
3844
3590
3605
3845
3591
3606
3846
3592
3607
3847
3593
3608
3848
3594
3609
3849
3595
3610
3850
3596
3611
3851
3597
3612
3852
3598
3613
3853
3599
3614
3854
3615
3855
3601
3616
3856
3602
3617
3857
3603
3618
3858
3604
3619
3859
3605
3620
3860
3606
3621
3861
3607
3622
3862
3608
3623
3863
3609
3624
3864
3610
3625
3865
3611
3626
3866
3612
3627
3867
3613
3628
3868
3614
3629
3869
3615
3630
3870
3631
3871
3617
3632
3872
3618
3633
3873
3619
3634
3874
3620
3635
3875
3621
3636
3876
3622
3637
3877
3623
3638
3878
3624
3639
3879
3625
3640
3880
3626
3641
3881
3627
3642
3882
3628
3643
3883
3629
3644
3884
3630
3645
3885
3631
3646
3886
3647
3887
3633
3648
3888
3634
3649
3889
3635
3650
3890
3636
3651
3891
3637
3652
3892
3638
3653
3893
3639
3654
3894
3640
3655
3895
3641
3656
3896
3642
3657
3897
3643
3658
3898
3644
3659
3899
3645
3660
3900
3646
3661
3901
3647
3662
3902
3663
3903
3649
3664
3904
3650
3665
3905
3651
3666
3906
3652
3667
3907
3653
3668
3908
3654
3669
3909
3655
3670
3910
3656
3671
3911
3657
3672
3912
3658
3673
3913
3659
3674
3914
3660
3675
3915
3661
3676
3916
3662
3677
3917
3663
3678
3918
3679
3919
3665
3680
3920
3666
3681
3921
3667
3682
3922
3668
3683
3923
3669
3684
3924
3670
3685
3925
3671
3686
3926
3672
3687
3927
3673
3688
3928
3674
3689
3929
3675
3690
3930
3676
3691
3931
3677
3692
3932
3678
3693
3933
3679
3694
3934
3695
3935
3681
3696
3936
3682
3697
3937
3683
3698
3938
3684
3699
3939
3685
3700
3940
3686
3701
3941
3687
3702
3942
3688
3703
3943
3689
3704
3944
3690
3705
3945
3691
3706
3946
3692
3707
3947
3693
3708
3948
3694
3709
3949
3695
3710
3950
3711
3951
3697
3712
3952
3698
3713
3953
3699
3714
3954
3700
3715
3955
3701
3716
3956
3702
3717
3957
3703
3718
3958
3704
3719
3959
3705
3720
3960
3706
3721
3961
3707
3722
3962
3708
3723
3963
3709
3724
3964
3710
3725
3965
3711
3726
3966
3727
3967
3713
3728
3968
3714
3729
3969
3715
3730
3970
3716
3731
3971
3717
3732
3972
3718
3733
3973
3719
3734
3974
3720
3735
3975
3721
3736
3976
3722
3737
3977
3723
3738
3978
3724
3739
3979
3725
3740
3980
3726
3741
3981
3727
3742
3982
3743
3983
3729
3744
3984
3730
3745
3985
3731
3746
3986
3732
3747
3987
3733
3748
3988
3734
3749
3989
3735
3750
3990
3736
3751
3991
3737
3752
3992
3738
3753
3993
3739
3754
3994
3740
3755
3995
3741
3756
3996
3742
3757
3997
3743
3758
3998
3759
3999
3745
3760
4000
3746
3761
4001
3747
3762
4002
3748
3763
4003
3749
3764
4004
3750
3765
4005
3751
3766
4006
3752
3767
4007
3753
3768
4008
3754
3769
4009
3755
3770
4010
3756
3771
4011
3757
3772
4012
3758
3773
4013
3759
3774
4014
3775
4015
3761
3776
4016
3762
3777
4017
3763
3778
4018
3764
3779
4019
3765
3780
4020
3766
3781
4021
3767
3782
4022
3768
3783
4023
3769
3784
4024
3770
3785
4025
3771
3786
4026
3772
3787
4027
3773
3788
4028
3774
3789
4029
3775
3790
4030
3791
4031
3777
3792
4032
3778
3793
4033
3779
3794
4034
3780
3795
4035
3781
3796
4036
3782
3797
4037
3783
3798
4038
3784
3799
4039
3785
3800
4040
3786
3801
4041
3787
3802
4042
3788
3803
4043
3789
3804
4044
3790
3805
4045
3791
3806
4046
3807
4047
3793
3808
4048
3794
3809
4049
3795
3810
4050
3796
3811
4051
3797
3812
4052
3798
3813
4053
3799
3814
4054
3800
3815
4055
3801
3816
4056
3802
3817
4057
3803
3818
4058
3804
3819
4059
3805
3820
4060
3806
3821
4061
3807
3822
4062
3823
4063
3809
3824
4064
3810
3825
4065
3811
3826
4066
3812
3827
4067
3813
3828
4068
3814
3829
4069
3815
3830
4070
3816
3831
4071
3817
3832
4072
3818
3833
4073
3819
3834
4074
3820
3835
4075
3821
3836
4076
3822
3837
4077
3823
3838
4078
3839
4079
3825
4080
3826
4081
3827
4082
3828
4083
3829
4084
3830
4085
3831
4086
3832
4087
3833
4088
3834
4089
3835
4090
3836
4091
3837
4092
3838
4093
3839
4094
4095
3841
3856
3842
3857
3843
3858
3844
3859
3845
3860
3846
3861
3847
3862
3848
3863
3849
3864
3850
3865
3851
3866
3852
3867
3853
3868
3854
3869
3855
3870
3871
3857
3872
3858
3873
3859
3874
3860
3875
3861
3876
3862
3877
3863
3878
3864
3879
3865
3880
3866
3881
3867
3882
3868
3883
3869
3884
3870
3885
3871
3886
3887
3873
3888
3874
3889
3875
3890
3876
3891
3877
3892
3878
3893
3879
3894
3880
3895
3881
3896
3882
3897
3883
3898
3884
3899
3885
3900
3886
3901
3887
3902
3903
3889
3904
3890
3905
3891
3906
3892
3907
3893
3908
3894
3909
3895
3910
3896
3911
3897
3912
3898
3913
3899
3914
3900
3915
3901
3916
3902
3917
3903
3918
3919
3905
3920
3906
3921
3907
3922
3908
3923
3909
3924
3910
3925
3911
3926
3912
3927
3913
3928
3914
3929
3915
3930
3916
3931
3917
3932
3918
3933
3919
3934
3935
3921
3936
3922
3937
3923
3938
3924
3939
3925
3940
3926
3941
3927
3942
3928
3943
3929
3944
3930
3945
3931
3946
3932
3947
3933
3948
3934
3949
3935
3950
3951
3937
3952
3938
3953
3939
3954
3940
3955
3941
3956
3942
3957
3943
3958
3944
3959
3945
3960
3946
3961
3947
3962
3948
3963
3949
3964
3950
3965
3951
3966
3967
3953
3968
3954
3969
3955
3970
3956
3971
3957
3972
3958
3973
3959
3974
3960
3975
3961
3976
3962
3977
3963
3978
3964
3979
3965
3980
3966
3981
3967
3982
3983
3969
3984
3970
3985
3971
3986
3972
3987
3973
3988
3974
3989
3975
3990
3976
3991
3977
3992
3978
3993
3979
3994
3980
3995
3981
3996
3982
3997
3983
3998
3999
3985
4000
3986
4001
3987
4002
3988
4003
3989
4004
3990
4005
3991
4006
3992
4007
3993
4008
3994
4009
3995
4010
3996
4011
3997
4012
3998
4013
3999
4014
4015
4001
4016
4002
4017
4003
4018
4004
4019
4005
4020
4006
4021
4007
4022
4008
4023
4009
4024
4010
4025
4011
4026
4012
4027
4013
4028
4014
4029
4015
4030
4031
4017
4032
4018
4033
4019
4034
4020
4035
4021
4036
4022
4037
4023
4038
4024
4039
4025
4040
4026
4041
4027
4042
4028
4043
4029
4044
4030
4045
4031
4046
4047
4033
4048
4034
4049
4035
4050
4036
4051
4037
4052
4038
4053
4039
4054
4040
4055
4041
4056
4042
4057
4043
4058
4044
4059
4045
4060
4046
4061
4047
4062
4063
4049
4064
4050
4065
4051
4066
4052
4067
4053
4068
4054
4069
4055
4070
4056
4071
4057
4072
4058
4073
4059
4074
4060
4075
4061
4076
4062
4077
4063
4078
4079
4065
4080
4066
4081
4067
4082
4068
4083
4069
4084
4070
4085
4071
4086
4072
4087
4073
4088
4074
4089
4075
4090
4076
4091
4077
4092
4078
4093
4079
4094
4095
4081
4082
4083
4084
4085
4086
4087
4088
4089
4090
4091
4092
4093
4094
4095
)


// ************************************************************************* //
