/*--------------------------------*- C++ -*----------------------------------*\
| =========                 |                                                 |
| \\      /  F ield         | OpenFOAM: The Open Source CFD Toolbox           |
|  \\    /   O peration     | Version:  2112                                  |
|   \\  /    A nd           | Website:  www.openfoam.com                      |
|    \\/     M anipulation  |                                                 |
\*---------------------------------------------------------------------------*/
FoamFile
{
    version     2.0;
    format      ascii;
    arch        "LSB;label=32;scalar=64";
    class       volScalarField;
    location    "0";
    object      vf;
}
// * * * * * * * * * * * * * * * * * * * * * * * * * * * * * * * * * * * * * //

dimensions      [0 0 0 0 0 0 0];

internalField   nonuniform List<scalar> 
4096
(
0.561899
0.527491
0.496738
0.470107
0.448072
0.431078
0.419509
0.413649
0.413649
0.419509
0.431078
0.448072
0.470107
0.496738
0.527491
0.561899
0.527491
0.491488
0.459175
0.431078
0.407736
0.389672
0.377339
0.371081
0.371081
0.377339
0.389672
0.407736
0.431078
0.459175
0.491488
0.527491
0.496738
0.459175
0.425318
0.395749
0.371081
0.351918
0.338795
0.332123
0.332123
0.338795
0.351918
0.371081
0.395749
0.425318
0.459175
0.496738
0.470107
0.431078
0.395749
0.36476
0.338795
0.318544
0.304632
0.297544
0.297544
0.304632
0.318544
0.338795
0.36476
0.395749
0.431078
0.470107
0.448072
0.407736
0.371081
0.338795
0.311631
0.290363
0.275706
0.268223
0.268223
0.275706
0.290363
0.311631
0.338795
0.371081
0.407736
0.448072
0.431078
0.389672
0.351918
0.318544
0.290363
0.268223
0.252921
0.245093
0.245093
0.252921
0.268223
0.290363
0.318544
0.351918
0.389672
0.431078
0.419509
0.377339
0.338795
0.304632
0.275706
0.252921
0.237139
0.229053
0.229053
0.237139
0.252921
0.275706
0.304632
0.338795
0.377339
0.419509
0.413649
0.371081
0.332123
0.297544
0.268223
0.245093
0.229053
0.220829
0.220829
0.229053
0.245093
0.268223
0.297544
0.332123
0.371081
0.413649
0.413649
0.371081
0.332123
0.297544
0.268223
0.245093
0.229053
0.220829
0.220829
0.229053
0.245093
0.268223
0.297544
0.332123
0.371081
0.413649
0.419509
0.377339
0.338795
0.304632
0.275706
0.252921
0.237139
0.229053
0.229053
0.237139
0.252921
0.275706
0.304632
0.338795
0.377339
0.419509
0.431078
0.389672
0.351918
0.318544
0.290363
0.268223
0.252921
0.245093
0.245093
0.252921
0.268223
0.290363
0.318544
0.351918
0.389672
0.431078
0.448072
0.407736
0.371081
0.338795
0.311631
0.290363
0.275706
0.268223
0.268223
0.275706
0.290363
0.311631
0.338795
0.371081
0.407736
0.448072
0.470107
0.431078
0.395749
0.36476
0.338795
0.318544
0.304632
0.297544
0.297544
0.304632
0.318544
0.338795
0.36476
0.395749
0.431078
0.470107
0.496738
0.459175
0.425318
0.395749
0.371081
0.351918
0.338795
0.332123
0.332123
0.338795
0.351918
0.371081
0.395749
0.425318
0.459175
0.496738
0.527491
0.491488
0.459175
0.431078
0.407736
0.389672
0.377339
0.371081
0.371081
0.377339
0.389672
0.407736
0.431078
0.459175
0.491488
0.527491
0.561899
0.527491
0.496738
0.470107
0.448072
0.431078
0.419509
0.413649
0.413649
0.419509
0.431078
0.448072
0.470107
0.496738
0.527491
0.561899
0.527491
0.491488
0.459175
0.431078
0.407736
0.389672
0.377339
0.371081
0.371081
0.377339
0.389672
0.407736
0.431078
0.459175
0.491488
0.527491
0.491488
0.453646
0.419509
0.389672
0.36476
0.345392
0.332123
0.325374
0.325374
0.332123
0.345392
0.36476
0.389672
0.419509
0.453646
0.491488
0.459175
0.419509
0.383535
0.351918
0.325374
0.304632
0.290363
0.283085
0.283085
0.290363
0.304632
0.325374
0.351918
0.383535
0.419509
0.459175
0.431078
0.389672
0.351918
0.318544
0.290363
0.268223
0.252921
0.245093
0.245093
0.252921
0.268223
0.290363
0.318544
0.351918
0.389672
0.431078
0.407736
0.36476
0.325374
0.290363
0.260629
0.237139
0.220829
0.212458
0.212458
0.220829
0.237139
0.260629
0.290363
0.325374
0.36476
0.407736
0.389672
0.345392
0.304632
0.268223
0.237139
0.212458
0.195244
0.186383
0.186383
0.195244
0.212458
0.237139
0.268223
0.304632
0.345392
0.389672
0.377339
0.332123
0.290363
0.252921
0.220829
0.195244
0.177337
0.168097
0.168097
0.177337
0.195244
0.220829
0.252921
0.290363
0.332123
0.377339
0.371081
0.325374
0.283085
0.245093
0.212458
0.186383
0.168097
0.158647
0.158647
0.168097
0.186383
0.212458
0.245093
0.283085
0.325374
0.371081
0.371081
0.325374
0.283085
0.245093
0.212458
0.186383
0.168097
0.158647
0.158647
0.168097
0.186383
0.212458
0.245093
0.283085
0.325374
0.371081
0.377339
0.332123
0.290363
0.252921
0.220829
0.195244
0.177337
0.168097
0.168097
0.177337
0.195244
0.220829
0.252921
0.290363
0.332123
0.377339
0.389672
0.345392
0.304632
0.268223
0.237139
0.212458
0.195244
0.186383
0.186383
0.195244
0.212458
0.237139
0.268223
0.304632
0.345392
0.389672
0.407736
0.36476
0.325374
0.290363
0.260629
0.237139
0.220829
0.212458
0.212458
0.220829
0.237139
0.260629
0.290363
0.325374
0.36476
0.407736
0.431078
0.389672
0.351918
0.318544
0.290363
0.268223
0.252921
0.245093
0.245093
0.252921
0.268223
0.290363
0.318544
0.351918
0.389672
0.431078
0.459175
0.419509
0.383535
0.351918
0.325374
0.304632
0.290363
0.283085
0.283085
0.290363
0.304632
0.325374
0.351918
0.383535
0.419509
0.459175
0.491488
0.453646
0.419509
0.389672
0.36476
0.345392
0.332123
0.325374
0.325374
0.332123
0.345392
0.36476
0.389672
0.419509
0.453646
0.491488
0.527491
0.491488
0.459175
0.431078
0.407736
0.389672
0.377339
0.371081
0.371081
0.377339
0.389672
0.407736
0.431078
0.459175
0.491488
0.527491
0.496738
0.459175
0.425318
0.395749
0.371081
0.351918
0.338795
0.332123
0.332123
0.338795
0.351918
0.371081
0.395749
0.425318
0.459175
0.496738
0.459175
0.419509
0.383535
0.351918
0.325374
0.304632
0.290363
0.283085
0.283085
0.290363
0.304632
0.325374
0.351918
0.383535
0.419509
0.459175
0.425318
0.383535
0.345392
0.311631
0.283085
0.260629
0.245093
0.237139
0.237139
0.245093
0.260629
0.283085
0.311631
0.345392
0.383535
0.425318
0.395749
0.351918
0.311631
0.275706
0.245093
0.220829
0.203932
0.195244
0.195244
0.203932
0.220829
0.245093
0.275706
0.311631
0.351918
0.395749
0.371081
0.325374
0.283085
0.245093
0.212458
0.186383
0.168097
0.158647
0.158647
0.168097
0.186383
0.212458
0.245093
0.283085
0.325374
0.371081
0.351918
0.304632
0.260629
0.220829
0.186383
0.158647
0.139059
0.128886
0.128886
0.139059
0.158647
0.186383
0.220829
0.260629
0.304632
0.351918
0.338795
0.290363
0.245093
0.203932
0.168097
0.139059
0.118432
0.107673
0.107673
0.118432
0.139059
0.168097
0.203932
0.245093
0.290363
0.338795
0.332123
0.283085
0.237139
0.195244
0.158647
0.128886
0.107673
0.0965793
0.0965793
0.107673
0.128886
0.158647
0.195244
0.237139
0.283085
0.332123
0.332123
0.283085
0.237139
0.195244
0.158647
0.128886
0.107673
0.0965793
0.0965793
0.107673
0.128886
0.158647
0.195244
0.237139
0.283085
0.332123
0.338795
0.290363
0.245093
0.203932
0.168097
0.139059
0.118432
0.107673
0.107673
0.118432
0.139059
0.168097
0.203932
0.245093
0.290363
0.338795
0.351918
0.304632
0.260629
0.220829
0.186383
0.158647
0.139059
0.128886
0.128886
0.139059
0.158647
0.186383
0.220829
0.260629
0.304632
0.351918
0.371081
0.325374
0.283085
0.245093
0.212458
0.186383
0.168097
0.158647
0.158647
0.168097
0.186383
0.212458
0.245093
0.283085
0.325374
0.371081
0.395749
0.351918
0.311631
0.275706
0.245093
0.220829
0.203932
0.195244
0.195244
0.203932
0.220829
0.245093
0.275706
0.311631
0.351918
0.395749
0.425318
0.383535
0.345392
0.311631
0.283085
0.260629
0.245093
0.237139
0.237139
0.245093
0.260629
0.283085
0.311631
0.345392
0.383535
0.425318
0.459175
0.419509
0.383535
0.351918
0.325374
0.304632
0.290363
0.283085
0.283085
0.290363
0.304632
0.325374
0.351918
0.383535
0.419509
0.459175
0.496738
0.459175
0.425318
0.395749
0.371081
0.351918
0.338795
0.332123
0.332123
0.338795
0.351918
0.371081
0.395749
0.425318
0.459175
0.496738
0.470107
0.431078
0.395749
0.36476
0.338795
0.318544
0.304632
0.297544
0.297544
0.304632
0.318544
0.338795
0.36476
0.395749
0.431078
0.470107
0.431078
0.389672
0.351918
0.318544
0.290363
0.268223
0.252921
0.245093
0.245093
0.252921
0.268223
0.290363
0.318544
0.351918
0.389672
0.431078
0.395749
0.351918
0.311631
0.275706
0.245093
0.220829
0.203932
0.195244
0.195244
0.203932
0.220829
0.245093
0.275706
0.311631
0.351918
0.395749
0.36476
0.318544
0.275706
0.237139
0.203932
0.177337
0.158647
0.148973
0.148973
0.158647
0.177337
0.203932
0.237139
0.275706
0.318544
0.36476
0.338795
0.290363
0.245093
0.203932
0.168097
0.139059
0.118432
0.107673
0.107673
0.118432
0.139059
0.168097
0.203932
0.245093
0.290363
0.338795
0.318544
0.268223
0.220829
0.177337
0.139059
0.107673
0.0851189
0.0732525
0.0732525
0.0851189
0.107673
0.139059
0.177337
0.220829
0.268223
0.318544
0.304632
0.252921
0.203932
0.158647
0.118432
0.0851189
0.0609336
0.048106
0.048106
0.0609336
0.0851189
0.118432
0.158647
0.203932
0.252921
0.304632
0.297544
0.245093
0.195244
0.148973
0.107673
0.0732525
0.048106
0.034701
0.034701
0.048106
0.0732525
0.107673
0.148973
0.195244
0.245093
0.297544
0.297544
0.245093
0.195244
0.148973
0.107673
0.0732525
0.048106
0.034701
0.034701
0.048106
0.0732525
0.107673
0.148973
0.195244
0.245093
0.297544
0.304632
0.252921
0.203932
0.158647
0.118432
0.0851189
0.0609336
0.048106
0.048106
0.0609336
0.0851189
0.118432
0.158647
0.203932
0.252921
0.304632
0.318544
0.268223
0.220829
0.177337
0.139059
0.107673
0.0851189
0.0732525
0.0732525
0.0851189
0.107673
0.139059
0.177337
0.220829
0.268223
0.318544
0.338795
0.290363
0.245093
0.203932
0.168097
0.139059
0.118432
0.107673
0.107673
0.118432
0.139059
0.168097
0.203932
0.245093
0.290363
0.338795
0.36476
0.318544
0.275706
0.237139
0.203932
0.177337
0.158647
0.148973
0.148973
0.158647
0.177337
0.203932
0.237139
0.275706
0.318544
0.36476
0.395749
0.351918
0.311631
0.275706
0.245093
0.220829
0.203932
0.195244
0.195244
0.203932
0.220829
0.245093
0.275706
0.311631
0.351918
0.395749
0.431078
0.389672
0.351918
0.318544
0.290363
0.268223
0.252921
0.245093
0.245093
0.252921
0.268223
0.290363
0.318544
0.351918
0.389672
0.431078
0.470107
0.431078
0.395749
0.36476
0.338795
0.318544
0.304632
0.297544
0.297544
0.304632
0.318544
0.338795
0.36476
0.395749
0.431078
0.470107
0.448072
0.407736
0.371081
0.338795
0.311631
0.290363
0.275706
0.268223
0.268223
0.275706
0.290363
0.311631
0.338795
0.371081
0.407736
0.448072
0.407736
0.36476
0.325374
0.290363
0.260629
0.237139
0.220829
0.212458
0.212458
0.220829
0.237139
0.260629
0.290363
0.325374
0.36476
0.407736
0.371081
0.325374
0.283085
0.245093
0.212458
0.186383
0.168097
0.158647
0.158647
0.168097
0.186383
0.212458
0.245093
0.283085
0.325374
0.371081
0.338795
0.290363
0.245093
0.203932
0.168097
0.139059
0.118432
0.107673
0.107673
0.118432
0.139059
0.168097
0.203932
0.245093
0.290363
0.338795
0.311631
0.260629
0.212458
0.168097
0.128886
0.0965793
0.0732525
0.0609336
0.0609336
0.0732525
0.0965793
0.128886
0.168097
0.212458
0.260629
0.311631
0.290363
0.237139
0.186383
0.139059
0.0965793
0.0609336
0.034701
0.0206329
0.0206329
0.034701
0.0609336
0.0965793
0.139059
0.186383
0.237139
0.290363
0.275706
0.220829
0.168097
0.118432
0.0732525
0.034701
0.00579227
-0.0099642
-0.0099642
0.00579227
0.034701
0.0732525
0.118432
0.168097
0.220829
0.275706
0.268223
0.212458
0.158647
0.107673
0.0609336
0.0206329
-0.0099642
-0.0268304
-0.0268304
-0.0099642
0.0206329
0.0609336
0.107673
0.158647
0.212458
0.268223
0.268223
0.212458
0.158647
0.107673
0.0609336
0.0206329
-0.0099642
-0.0268304
-0.0268304
-0.0099642
0.0206329
0.0609336
0.107673
0.158647
0.212458
0.268223
0.275706
0.220829
0.168097
0.118432
0.0732525
0.034701
0.00579227
-0.0099642
-0.0099642
0.00579227
0.034701
0.0732525
0.118432
0.168097
0.220829
0.275706
0.290363
0.237139
0.186383
0.139059
0.0965793
0.0609336
0.034701
0.0206329
0.0206329
0.034701
0.0609336
0.0965793
0.139059
0.186383
0.237139
0.290363
0.311631
0.260629
0.212458
0.168097
0.128886
0.0965793
0.0732525
0.0609336
0.0609336
0.0732525
0.0965793
0.128886
0.168097
0.212458
0.260629
0.311631
0.338795
0.290363
0.245093
0.203932
0.168097
0.139059
0.118432
0.107673
0.107673
0.118432
0.139059
0.168097
0.203932
0.245093
0.290363
0.338795
0.371081
0.325374
0.283085
0.245093
0.212458
0.186383
0.168097
0.158647
0.158647
0.168097
0.186383
0.212458
0.245093
0.283085
0.325374
0.371081
0.407736
0.36476
0.325374
0.290363
0.260629
0.237139
0.220829
0.212458
0.212458
0.220829
0.237139
0.260629
0.290363
0.325374
0.36476
0.407736
0.448072
0.407736
0.371081
0.338795
0.311631
0.290363
0.275706
0.268223
0.268223
0.275706
0.290363
0.311631
0.338795
0.371081
0.407736
0.448072
0.431078
0.389672
0.351918
0.318544
0.290363
0.268223
0.252921
0.245093
0.245093
0.252921
0.268223
0.290363
0.318544
0.351918
0.389672
0.431078
0.389672
0.345392
0.304632
0.268223
0.237139
0.212458
0.195244
0.186383
0.186383
0.195244
0.212458
0.237139
0.268223
0.304632
0.345392
0.389672
0.351918
0.304632
0.260629
0.220829
0.186383
0.158647
0.139059
0.128886
0.128886
0.139059
0.158647
0.186383
0.220829
0.260629
0.304632
0.351918
0.318544
0.268223
0.220829
0.177337
0.139059
0.107673
0.0851189
0.0732525
0.0732525
0.0851189
0.107673
0.139059
0.177337
0.220829
0.268223
0.318544
0.290363
0.237139
0.186383
0.139059
0.0965793
0.0609336
0.034701
0.0206329
0.0206329
0.034701
0.0609336
0.0965793
0.139059
0.186383
0.237139
0.290363
0.268223
0.212458
0.158647
0.107673
0.0609336
0.0206329
-0.0099642
-0.0268304
-0.0268304
-0.0099642
0.0206329
0.0609336
0.107673
0.158647
0.212458
0.268223
0.252921
0.195244
0.139059
0.0851189
0.034701
-0.0099642
-0.04508
-0.0651225
-0.0651225
-0.04508
-0.0099642
0.034701
0.0851189
0.139059
0.195244
0.252921
0.245093
0.186383
0.128886
0.0732525
0.0206329
-0.0268304
-0.0651225
-0.0876202
-0.0876202
-0.0651225
-0.0268304
0.0206329
0.0732525
0.128886
0.186383
0.245093
0.245093
0.186383
0.128886
0.0732525
0.0206329
-0.0268304
-0.0651225
-0.0876202
-0.0876202
-0.0651225
-0.0268304
0.0206329
0.0732525
0.128886
0.186383
0.245093
0.252921
0.195244
0.139059
0.0851189
0.034701
-0.0099642
-0.04508
-0.0651225
-0.0651225
-0.04508
-0.0099642
0.034701
0.0851189
0.139059
0.195244
0.252921
0.268223
0.212458
0.158647
0.107673
0.0609336
0.0206329
-0.0099642
-0.0268304
-0.0268304
-0.0099642
0.0206329
0.0609336
0.107673
0.158647
0.212458
0.268223
0.290363
0.237139
0.186383
0.139059
0.0965793
0.0609336
0.034701
0.0206329
0.0206329
0.034701
0.0609336
0.0965793
0.139059
0.186383
0.237139
0.290363
0.318544
0.268223
0.220829
0.177337
0.139059
0.107673
0.0851189
0.0732525
0.0732525
0.0851189
0.107673
0.139059
0.177337
0.220829
0.268223
0.318544
0.351918
0.304632
0.260629
0.220829
0.186383
0.158647
0.139059
0.128886
0.128886
0.139059
0.158647
0.186383
0.220829
0.260629
0.304632
0.351918
0.389672
0.345392
0.304632
0.268223
0.237139
0.212458
0.195244
0.186383
0.186383
0.195244
0.212458
0.237139
0.268223
0.304632
0.345392
0.389672
0.431078
0.389672
0.351918
0.318544
0.290363
0.268223
0.252921
0.245093
0.245093
0.252921
0.268223
0.290363
0.318544
0.351918
0.389672
0.431078
0.419509
0.377339
0.338795
0.304632
0.275706
0.252921
0.237139
0.229053
0.229053
0.237139
0.252921
0.275706
0.304632
0.338795
0.377339
0.419509
0.377339
0.332123
0.290363
0.252921
0.220829
0.195244
0.177337
0.168097
0.168097
0.177337
0.195244
0.220829
0.252921
0.290363
0.332123
0.377339
0.338795
0.290363
0.245093
0.203932
0.168097
0.139059
0.118432
0.107673
0.107673
0.118432
0.139059
0.168097
0.203932
0.245093
0.290363
0.338795
0.304632
0.252921
0.203932
0.158647
0.118432
0.0851189
0.0609336
0.048106
0.048106
0.0609336
0.0851189
0.118432
0.158647
0.203932
0.252921
0.304632
0.275706
0.220829
0.168097
0.118432
0.0732525
0.034701
0.00579227
-0.0099642
-0.0099642
0.00579227
0.034701
0.0732525
0.118432
0.168097
0.220829
0.275706
0.252921
0.195244
0.139059
0.0851189
0.034701
-0.0099642
-0.04508
-0.0651225
-0.0651225
-0.04508
-0.0099642
0.034701
0.0851189
0.139059
0.195244
0.252921
0.237139
0.177337
0.118432
0.0609336
0.00579227
-0.04508
-0.0876202
-0.113784
-0.113784
-0.0876202
-0.04508
0.00579227
0.0609336
0.118432
0.177337
0.237139
0.229053
0.168097
0.107673
0.048106
-0.0099642
-0.0651225
-0.113784
-0.146355
-0.146355
-0.113784
-0.0651225
-0.0099642
0.048106
0.107673
0.168097
0.229053
0.229053
0.168097
0.107673
0.048106
-0.0099642
-0.0651225
-0.113784
-0.146355
-0.146355
-0.113784
-0.0651225
-0.0099642
0.048106
0.107673
0.168097
0.229053
0.237139
0.177337
0.118432
0.0609336
0.00579227
-0.04508
-0.0876202
-0.113784
-0.113784
-0.0876202
-0.04508
0.00579227
0.0609336
0.118432
0.177337
0.237139
0.252921
0.195244
0.139059
0.0851189
0.034701
-0.0099642
-0.04508
-0.0651225
-0.0651225
-0.04508
-0.0099642
0.034701
0.0851189
0.139059
0.195244
0.252921
0.275706
0.220829
0.168097
0.118432
0.0732525
0.034701
0.00579227
-0.0099642
-0.0099642
0.00579227
0.034701
0.0732525
0.118432
0.168097
0.220829
0.275706
0.304632
0.252921
0.203932
0.158647
0.118432
0.0851189
0.0609336
0.048106
0.048106
0.0609336
0.0851189
0.118432
0.158647
0.203932
0.252921
0.304632
0.338795
0.290363
0.245093
0.203932
0.168097
0.139059
0.118432
0.107673
0.107673
0.118432
0.139059
0.168097
0.203932
0.245093
0.290363
0.338795
0.377339
0.332123
0.290363
0.252921
0.220829
0.195244
0.177337
0.168097
0.168097
0.177337
0.195244
0.220829
0.252921
0.290363
0.332123
0.377339
0.419509
0.377339
0.338795
0.304632
0.275706
0.252921
0.237139
0.229053
0.229053
0.237139
0.252921
0.275706
0.304632
0.338795
0.377339
0.419509
0.413649
0.371081
0.332123
0.297544
0.268223
0.245093
0.229053
0.220829
0.220829
0.229053
0.245093
0.268223
0.297544
0.332123
0.371081
0.413649
0.371081
0.325374
0.283085
0.245093
0.212458
0.186383
0.168097
0.158647
0.158647
0.168097
0.186383
0.212458
0.245093
0.283085
0.325374
0.371081
0.332123
0.283085
0.237139
0.195244
0.158647
0.128886
0.107673
0.0965793
0.0965793
0.107673
0.128886
0.158647
0.195244
0.237139
0.283085
0.332123
0.297544
0.245093
0.195244
0.148973
0.107673
0.0732525
0.048106
0.034701
0.034701
0.048106
0.0732525
0.107673
0.148973
0.195244
0.245093
0.297544
0.268223
0.212458
0.158647
0.107673
0.0609336
0.0206329
-0.0099642
-0.0268304
-0.0268304
-0.0099642
0.0206329
0.0609336
0.107673
0.158647
0.212458
0.268223
0.245093
0.186383
0.128886
0.0732525
0.0206329
-0.0268304
-0.0651225
-0.0876202
-0.0876202
-0.0651225
-0.0268304
0.0206329
0.0732525
0.128886
0.186383
0.245093
0.229053
0.168097
0.107673
0.048106
-0.0099642
-0.0651225
-0.113784
-0.146355
-0.146355
-0.113784
-0.0651225
-0.0099642
0.048106
0.107673
0.168097
0.229053
0.220829
0.158647
0.0965793
0.034701
-0.0268304
-0.0876202
-0.146355
-0.195873
-0.195873
-0.146355
-0.0876202
-0.0268304
0.034701
0.0965793
0.158647
0.220829
0.220829
0.158647
0.0965793
0.034701
-0.0268304
-0.0876202
-0.146355
-0.195873
-0.195873
-0.146355
-0.0876202
-0.0268304
0.034701
0.0965793
0.158647
0.220829
0.229053
0.168097
0.107673
0.048106
-0.0099642
-0.0651225
-0.113784
-0.146355
-0.146355
-0.113784
-0.0651225
-0.0099642
0.048106
0.107673
0.168097
0.229053
0.245093
0.186383
0.128886
0.0732525
0.0206329
-0.0268304
-0.0651225
-0.0876202
-0.0876202
-0.0651225
-0.0268304
0.0206329
0.0732525
0.128886
0.186383
0.245093
0.268223
0.212458
0.158647
0.107673
0.0609336
0.0206329
-0.0099642
-0.0268304
-0.0268304
-0.0099642
0.0206329
0.0609336
0.107673
0.158647
0.212458
0.268223
0.297544
0.245093
0.195244
0.148973
0.107673
0.0732525
0.048106
0.034701
0.034701
0.048106
0.0732525
0.107673
0.148973
0.195244
0.245093
0.297544
0.332123
0.283085
0.237139
0.195244
0.158647
0.128886
0.107673
0.0965793
0.0965793
0.107673
0.128886
0.158647
0.195244
0.237139
0.283085
0.332123
0.371081
0.325374
0.283085
0.245093
0.212458
0.186383
0.168097
0.158647
0.158647
0.168097
0.186383
0.212458
0.245093
0.283085
0.325374
0.371081
0.413649
0.371081
0.332123
0.297544
0.268223
0.245093
0.229053
0.220829
0.220829
0.229053
0.245093
0.268223
0.297544
0.332123
0.371081
0.413649
0.413649
0.371081
0.332123
0.297544
0.268223
0.245093
0.229053
0.220829
0.220829
0.229053
0.245093
0.268223
0.297544
0.332123
0.371081
0.413649
0.371081
0.325374
0.283085
0.245093
0.212458
0.186383
0.168097
0.158647
0.158647
0.168097
0.186383
0.212458
0.245093
0.283085
0.325374
0.371081
0.332123
0.283085
0.237139
0.195244
0.158647
0.128886
0.107673
0.0965793
0.0965793
0.107673
0.128886
0.158647
0.195244
0.237139
0.283085
0.332123
0.297544
0.245093
0.195244
0.148973
0.107673
0.0732525
0.048106
0.034701
0.034701
0.048106
0.0732525
0.107673
0.148973
0.195244
0.245093
0.297544
0.268223
0.212458
0.158647
0.107673
0.0609336
0.0206329
-0.0099642
-0.0268304
-0.0268304
-0.0099642
0.0206329
0.0609336
0.107673
0.158647
0.212458
0.268223
0.245093
0.186383
0.128886
0.0732525
0.0206329
-0.0268304
-0.0651225
-0.0876202
-0.0876202
-0.0651225
-0.0268304
0.0206329
0.0732525
0.128886
0.186383
0.245093
0.229053
0.168097
0.107673
0.048106
-0.0099642
-0.0651225
-0.113784
-0.146355
-0.146355
-0.113784
-0.0651225
-0.0099642
0.048106
0.107673
0.168097
0.229053
0.220829
0.158647
0.0965793
0.034701
-0.0268304
-0.0876202
-0.146355
-0.195873
-0.195873
-0.146355
-0.0876202
-0.0268304
0.034701
0.0965793
0.158647
0.220829
0.220829
0.158647
0.0965793
0.034701
-0.0268304
-0.0876202
-0.146355
-0.195873
-0.195873
-0.146355
-0.0876202
-0.0268304
0.034701
0.0965793
0.158647
0.220829
0.229053
0.168097
0.107673
0.048106
-0.0099642
-0.0651225
-0.113784
-0.146355
-0.146355
-0.113784
-0.0651225
-0.0099642
0.048106
0.107673
0.168097
0.229053
0.245093
0.186383
0.128886
0.0732525
0.0206329
-0.0268304
-0.0651225
-0.0876202
-0.0876202
-0.0651225
-0.0268304
0.0206329
0.0732525
0.128886
0.186383
0.245093
0.268223
0.212458
0.158647
0.107673
0.0609336
0.0206329
-0.0099642
-0.0268304
-0.0268304
-0.0099642
0.0206329
0.0609336
0.107673
0.158647
0.212458
0.268223
0.297544
0.245093
0.195244
0.148973
0.107673
0.0732525
0.048106
0.034701
0.034701
0.048106
0.0732525
0.107673
0.148973
0.195244
0.245093
0.297544
0.332123
0.283085
0.237139
0.195244
0.158647
0.128886
0.107673
0.0965793
0.0965793
0.107673
0.128886
0.158647
0.195244
0.237139
0.283085
0.332123
0.371081
0.325374
0.283085
0.245093
0.212458
0.186383
0.168097
0.158647
0.158647
0.168097
0.186383
0.212458
0.245093
0.283085
0.325374
0.371081
0.413649
0.371081
0.332123
0.297544
0.268223
0.245093
0.229053
0.220829
0.220829
0.229053
0.245093
0.268223
0.297544
0.332123
0.371081
0.413649
0.419509
0.377339
0.338795
0.304632
0.275706
0.252921
0.237139
0.229053
0.229053
0.237139
0.252921
0.275706
0.304632
0.338795
0.377339
0.419509
0.377339
0.332123
0.290363
0.252921
0.220829
0.195244
0.177337
0.168097
0.168097
0.177337
0.195244
0.220829
0.252921
0.290363
0.332123
0.377339
0.338795
0.290363
0.245093
0.203932
0.168097
0.139059
0.118432
0.107673
0.107673
0.118432
0.139059
0.168097
0.203932
0.245093
0.290363
0.338795
0.304632
0.252921
0.203932
0.158647
0.118432
0.0851189
0.0609336
0.048106
0.048106
0.0609336
0.0851189
0.118432
0.158647
0.203932
0.252921
0.304632
0.275706
0.220829
0.168097
0.118432
0.0732525
0.034701
0.00579227
-0.0099642
-0.0099642
0.00579227
0.034701
0.0732525
0.118432
0.168097
0.220829
0.275706
0.252921
0.195244
0.139059
0.0851189
0.034701
-0.0099642
-0.04508
-0.0651225
-0.0651225
-0.04508
-0.0099642
0.034701
0.0851189
0.139059
0.195244
0.252921
0.237139
0.177337
0.118432
0.0609336
0.00579227
-0.04508
-0.0876202
-0.113784
-0.113784
-0.0876202
-0.04508
0.00579227
0.0609336
0.118432
0.177337
0.237139
0.229053
0.168097
0.107673
0.048106
-0.0099642
-0.0651225
-0.113784
-0.146355
-0.146355
-0.113784
-0.0651225
-0.0099642
0.048106
0.107673
0.168097
0.229053
0.229053
0.168097
0.107673
0.048106
-0.0099642
-0.0651225
-0.113784
-0.146355
-0.146355
-0.113784
-0.0651225
-0.0099642
0.048106
0.107673
0.168097
0.229053
0.237139
0.177337
0.118432
0.0609336
0.00579227
-0.04508
-0.0876202
-0.113784
-0.113784
-0.0876202
-0.04508
0.00579227
0.0609336
0.118432
0.177337
0.237139
0.252921
0.195244
0.139059
0.0851189
0.034701
-0.0099642
-0.04508
-0.0651225
-0.0651225
-0.04508
-0.0099642
0.034701
0.0851189
0.139059
0.195244
0.252921
0.275706
0.220829
0.168097
0.118432
0.0732525
0.034701
0.00579227
-0.0099642
-0.0099642
0.00579227
0.034701
0.0732525
0.118432
0.168097
0.220829
0.275706
0.304632
0.252921
0.203932
0.158647
0.118432
0.0851189
0.0609336
0.048106
0.048106
0.0609336
0.0851189
0.118432
0.158647
0.203932
0.252921
0.304632
0.338795
0.290363
0.245093
0.203932
0.168097
0.139059
0.118432
0.107673
0.107673
0.118432
0.139059
0.168097
0.203932
0.245093
0.290363
0.338795
0.377339
0.332123
0.290363
0.252921
0.220829
0.195244
0.177337
0.168097
0.168097
0.177337
0.195244
0.220829
0.252921
0.290363
0.332123
0.377339
0.419509
0.377339
0.338795
0.304632
0.275706
0.252921
0.237139
0.229053
0.229053
0.237139
0.252921
0.275706
0.304632
0.338795
0.377339
0.419509
0.431078
0.389672
0.351918
0.318544
0.290363
0.268223
0.252921
0.245093
0.245093
0.252921
0.268223
0.290363
0.318544
0.351918
0.389672
0.431078
0.389672
0.345392
0.304632
0.268223
0.237139
0.212458
0.195244
0.186383
0.186383
0.195244
0.212458
0.237139
0.268223
0.304632
0.345392
0.389672
0.351918
0.304632
0.260629
0.220829
0.186383
0.158647
0.139059
0.128886
0.128886
0.139059
0.158647
0.186383
0.220829
0.260629
0.304632
0.351918
0.318544
0.268223
0.220829
0.177337
0.139059
0.107673
0.0851189
0.0732525
0.0732525
0.0851189
0.107673
0.139059
0.177337
0.220829
0.268223
0.318544
0.290363
0.237139
0.186383
0.139059
0.0965793
0.0609336
0.034701
0.0206329
0.0206329
0.034701
0.0609336
0.0965793
0.139059
0.186383
0.237139
0.290363
0.268223
0.212458
0.158647
0.107673
0.0609336
0.0206329
-0.0099642
-0.0268304
-0.0268304
-0.0099642
0.0206329
0.0609336
0.107673
0.158647
0.212458
0.268223
0.252921
0.195244
0.139059
0.0851189
0.034701
-0.0099642
-0.04508
-0.0651225
-0.0651225
-0.04508
-0.0099642
0.034701
0.0851189
0.139059
0.195244
0.252921
0.245093
0.186383
0.128886
0.0732525
0.0206329
-0.0268304
-0.0651225
-0.0876202
-0.0876202
-0.0651225
-0.0268304
0.0206329
0.0732525
0.128886
0.186383
0.245093
0.245093
0.186383
0.128886
0.0732525
0.0206329
-0.0268304
-0.0651225
-0.0876202
-0.0876202
-0.0651225
-0.0268304
0.0206329
0.0732525
0.128886
0.186383
0.245093
0.252921
0.195244
0.139059
0.0851189
0.034701
-0.0099642
-0.04508
-0.0651225
-0.0651225
-0.04508
-0.0099642
0.034701
0.0851189
0.139059
0.195244
0.252921
0.268223
0.212458
0.158647
0.107673
0.0609336
0.0206329
-0.0099642
-0.0268304
-0.0268304
-0.0099642
0.0206329
0.0609336
0.107673
0.158647
0.212458
0.268223
0.290363
0.237139
0.186383
0.139059
0.0965793
0.0609336
0.034701
0.0206329
0.0206329
0.034701
0.0609336
0.0965793
0.139059
0.186383
0.237139
0.290363
0.318544
0.268223
0.220829
0.177337
0.139059
0.107673
0.0851189
0.0732525
0.0732525
0.0851189
0.107673
0.139059
0.177337
0.220829
0.268223
0.318544
0.351918
0.304632
0.260629
0.220829
0.186383
0.158647
0.139059
0.128886
0.128886
0.139059
0.158647
0.186383
0.220829
0.260629
0.304632
0.351918
0.389672
0.345392
0.304632
0.268223
0.237139
0.212458
0.195244
0.186383
0.186383
0.195244
0.212458
0.237139
0.268223
0.304632
0.345392
0.389672
0.431078
0.389672
0.351918
0.318544
0.290363
0.268223
0.252921
0.245093
0.245093
0.252921
0.268223
0.290363
0.318544
0.351918
0.389672
0.431078
0.448072
0.407736
0.371081
0.338795
0.311631
0.290363
0.275706
0.268223
0.268223
0.275706
0.290363
0.311631
0.338795
0.371081
0.407736
0.448072
0.407736
0.36476
0.325374
0.290363
0.260629
0.237139
0.220829
0.212458
0.212458
0.220829
0.237139
0.260629
0.290363
0.325374
0.36476
0.407736
0.371081
0.325374
0.283085
0.245093
0.212458
0.186383
0.168097
0.158647
0.158647
0.168097
0.186383
0.212458
0.245093
0.283085
0.325374
0.371081
0.338795
0.290363
0.245093
0.203932
0.168097
0.139059
0.118432
0.107673
0.107673
0.118432
0.139059
0.168097
0.203932
0.245093
0.290363
0.338795
0.311631
0.260629
0.212458
0.168097
0.128886
0.0965793
0.0732525
0.0609336
0.0609336
0.0732525
0.0965793
0.128886
0.168097
0.212458
0.260629
0.311631
0.290363
0.237139
0.186383
0.139059
0.0965793
0.0609336
0.034701
0.0206329
0.0206329
0.034701
0.0609336
0.0965793
0.139059
0.186383
0.237139
0.290363
0.275706
0.220829
0.168097
0.118432
0.0732525
0.034701
0.00579227
-0.0099642
-0.0099642
0.00579227
0.034701
0.0732525
0.118432
0.168097
0.220829
0.275706
0.268223
0.212458
0.158647
0.107673
0.0609336
0.0206329
-0.0099642
-0.0268304
-0.0268304
-0.0099642
0.0206329
0.0609336
0.107673
0.158647
0.212458
0.268223
0.268223
0.212458
0.158647
0.107673
0.0609336
0.0206329
-0.0099642
-0.0268304
-0.0268304
-0.0099642
0.0206329
0.0609336
0.107673
0.158647
0.212458
0.268223
0.275706
0.220829
0.168097
0.118432
0.0732525
0.034701
0.00579227
-0.0099642
-0.0099642
0.00579227
0.034701
0.0732525
0.118432
0.168097
0.220829
0.275706
0.290363
0.237139
0.186383
0.139059
0.0965793
0.0609336
0.034701
0.0206329
0.0206329
0.034701
0.0609336
0.0965793
0.139059
0.186383
0.237139
0.290363
0.311631
0.260629
0.212458
0.168097
0.128886
0.0965793
0.0732525
0.0609336
0.0609336
0.0732525
0.0965793
0.128886
0.168097
0.212458
0.260629
0.311631
0.338795
0.290363
0.245093
0.203932
0.168097
0.139059
0.118432
0.107673
0.107673
0.118432
0.139059
0.168097
0.203932
0.245093
0.290363
0.338795
0.371081
0.325374
0.283085
0.245093
0.212458
0.186383
0.168097
0.158647
0.158647
0.168097
0.186383
0.212458
0.245093
0.283085
0.325374
0.371081
0.407736
0.36476
0.325374
0.290363
0.260629
0.237139
0.220829
0.212458
0.212458
0.220829
0.237139
0.260629
0.290363
0.325374
0.36476
0.407736
0.448072
0.407736
0.371081
0.338795
0.311631
0.290363
0.275706
0.268223
0.268223
0.275706
0.290363
0.311631
0.338795
0.371081
0.407736
0.448072
0.470107
0.431078
0.395749
0.36476
0.338795
0.318544
0.304632
0.297544
0.297544
0.304632
0.318544
0.338795
0.36476
0.395749
0.431078
0.470107
0.431078
0.389672
0.351918
0.318544
0.290363
0.268223
0.252921
0.245093
0.245093
0.252921
0.268223
0.290363
0.318544
0.351918
0.389672
0.431078
0.395749
0.351918
0.311631
0.275706
0.245093
0.220829
0.203932
0.195244
0.195244
0.203932
0.220829
0.245093
0.275706
0.311631
0.351918
0.395749
0.36476
0.318544
0.275706
0.237139
0.203932
0.177337
0.158647
0.148973
0.148973
0.158647
0.177337
0.203932
0.237139
0.275706
0.318544
0.36476
0.338795
0.290363
0.245093
0.203932
0.168097
0.139059
0.118432
0.107673
0.107673
0.118432
0.139059
0.168097
0.203932
0.245093
0.290363
0.338795
0.318544
0.268223
0.220829
0.177337
0.139059
0.107673
0.0851189
0.0732525
0.0732525
0.0851189
0.107673
0.139059
0.177337
0.220829
0.268223
0.318544
0.304632
0.252921
0.203932
0.158647
0.118432
0.0851189
0.0609336
0.048106
0.048106
0.0609336
0.0851189
0.118432
0.158647
0.203932
0.252921
0.304632
0.297544
0.245093
0.195244
0.148973
0.107673
0.0732525
0.048106
0.034701
0.034701
0.048106
0.0732525
0.107673
0.148973
0.195244
0.245093
0.297544
0.297544
0.245093
0.195244
0.148973
0.107673
0.0732525
0.048106
0.034701
0.034701
0.048106
0.0732525
0.107673
0.148973
0.195244
0.245093
0.297544
0.304632
0.252921
0.203932
0.158647
0.118432
0.0851189
0.0609336
0.048106
0.048106
0.0609336
0.0851189
0.118432
0.158647
0.203932
0.252921
0.304632
0.318544
0.268223
0.220829
0.177337
0.139059
0.107673
0.0851189
0.0732525
0.0732525
0.0851189
0.107673
0.139059
0.177337
0.220829
0.268223
0.318544
0.338795
0.290363
0.245093
0.203932
0.168097
0.139059
0.118432
0.107673
0.107673
0.118432
0.139059
0.168097
0.203932
0.245093
0.290363
0.338795
0.36476
0.318544
0.275706
0.237139
0.203932
0.177337
0.158647
0.148973
0.148973
0.158647
0.177337
0.203932
0.237139
0.275706
0.318544
0.36476
0.395749
0.351918
0.311631
0.275706
0.245093
0.220829
0.203932
0.195244
0.195244
0.203932
0.220829
0.245093
0.275706
0.311631
0.351918
0.395749
0.431078
0.389672
0.351918
0.318544
0.290363
0.268223
0.252921
0.245093
0.245093
0.252921
0.268223
0.290363
0.318544
0.351918
0.389672
0.431078
0.470107
0.431078
0.395749
0.36476
0.338795
0.318544
0.304632
0.297544
0.297544
0.304632
0.318544
0.338795
0.36476
0.395749
0.431078
0.470107
0.496738
0.459175
0.425318
0.395749
0.371081
0.351918
0.338795
0.332123
0.332123
0.338795
0.351918
0.371081
0.395749
0.425318
0.459175
0.496738
0.459175
0.419509
0.383535
0.351918
0.325374
0.304632
0.290363
0.283085
0.283085
0.290363
0.304632
0.325374
0.351918
0.383535
0.419509
0.459175
0.425318
0.383535
0.345392
0.311631
0.283085
0.260629
0.245093
0.237139
0.237139
0.245093
0.260629
0.283085
0.311631
0.345392
0.383535
0.425318
0.395749
0.351918
0.311631
0.275706
0.245093
0.220829
0.203932
0.195244
0.195244
0.203932
0.220829
0.245093
0.275706
0.311631
0.351918
0.395749
0.371081
0.325374
0.283085
0.245093
0.212458
0.186383
0.168097
0.158647
0.158647
0.168097
0.186383
0.212458
0.245093
0.283085
0.325374
0.371081
0.351918
0.304632
0.260629
0.220829
0.186383
0.158647
0.139059
0.128886
0.128886
0.139059
0.158647
0.186383
0.220829
0.260629
0.304632
0.351918
0.338795
0.290363
0.245093
0.203932
0.168097
0.139059
0.118432
0.107673
0.107673
0.118432
0.139059
0.168097
0.203932
0.245093
0.290363
0.338795
0.332123
0.283085
0.237139
0.195244
0.158647
0.128886
0.107673
0.0965793
0.0965793
0.107673
0.128886
0.158647
0.195244
0.237139
0.283085
0.332123
0.332123
0.283085
0.237139
0.195244
0.158647
0.128886
0.107673
0.0965793
0.0965793
0.107673
0.128886
0.158647
0.195244
0.237139
0.283085
0.332123
0.338795
0.290363
0.245093
0.203932
0.168097
0.139059
0.118432
0.107673
0.107673
0.118432
0.139059
0.168097
0.203932
0.245093
0.290363
0.338795
0.351918
0.304632
0.260629
0.220829
0.186383
0.158647
0.139059
0.128886
0.128886
0.139059
0.158647
0.186383
0.220829
0.260629
0.304632
0.351918
0.371081
0.325374
0.283085
0.245093
0.212458
0.186383
0.168097
0.158647
0.158647
0.168097
0.186383
0.212458
0.245093
0.283085
0.325374
0.371081
0.395749
0.351918
0.311631
0.275706
0.245093
0.220829
0.203932
0.195244
0.195244
0.203932
0.220829
0.245093
0.275706
0.311631
0.351918
0.395749
0.425318
0.383535
0.345392
0.311631
0.283085
0.260629
0.245093
0.237139
0.237139
0.245093
0.260629
0.283085
0.311631
0.345392
0.383535
0.425318
0.459175
0.419509
0.383535
0.351918
0.325374
0.304632
0.290363
0.283085
0.283085
0.290363
0.304632
0.325374
0.351918
0.383535
0.419509
0.459175
0.496738
0.459175
0.425318
0.395749
0.371081
0.351918
0.338795
0.332123
0.332123
0.338795
0.351918
0.371081
0.395749
0.425318
0.459175
0.496738
0.527491
0.491488
0.459175
0.431078
0.407736
0.389672
0.377339
0.371081
0.371081
0.377339
0.389672
0.407736
0.431078
0.459175
0.491488
0.527491
0.491488
0.453646
0.419509
0.389672
0.36476
0.345392
0.332123
0.325374
0.325374
0.332123
0.345392
0.36476
0.389672
0.419509
0.453646
0.491488
0.459175
0.419509
0.383535
0.351918
0.325374
0.304632
0.290363
0.283085
0.283085
0.290363
0.304632
0.325374
0.351918
0.383535
0.419509
0.459175
0.431078
0.389672
0.351918
0.318544
0.290363
0.268223
0.252921
0.245093
0.245093
0.252921
0.268223
0.290363
0.318544
0.351918
0.389672
0.431078
0.407736
0.36476
0.325374
0.290363
0.260629
0.237139
0.220829
0.212458
0.212458
0.220829
0.237139
0.260629
0.290363
0.325374
0.36476
0.407736
0.389672
0.345392
0.304632
0.268223
0.237139
0.212458
0.195244
0.186383
0.186383
0.195244
0.212458
0.237139
0.268223
0.304632
0.345392
0.389672
0.377339
0.332123
0.290363
0.252921
0.220829
0.195244
0.177337
0.168097
0.168097
0.177337
0.195244
0.220829
0.252921
0.290363
0.332123
0.377339
0.371081
0.325374
0.283085
0.245093
0.212458
0.186383
0.168097
0.158647
0.158647
0.168097
0.186383
0.212458
0.245093
0.283085
0.325374
0.371081
0.371081
0.325374
0.283085
0.245093
0.212458
0.186383
0.168097
0.158647
0.158647
0.168097
0.186383
0.212458
0.245093
0.283085
0.325374
0.371081
0.377339
0.332123
0.290363
0.252921
0.220829
0.195244
0.177337
0.168097
0.168097
0.177337
0.195244
0.220829
0.252921
0.290363
0.332123
0.377339
0.389672
0.345392
0.304632
0.268223
0.237139
0.212458
0.195244
0.186383
0.186383
0.195244
0.212458
0.237139
0.268223
0.304632
0.345392
0.389672
0.407736
0.36476
0.325374
0.290363
0.260629
0.237139
0.220829
0.212458
0.212458
0.220829
0.237139
0.260629
0.290363
0.325374
0.36476
0.407736
0.431078
0.389672
0.351918
0.318544
0.290363
0.268223
0.252921
0.245093
0.245093
0.252921
0.268223
0.290363
0.318544
0.351918
0.389672
0.431078
0.459175
0.419509
0.383535
0.351918
0.325374
0.304632
0.290363
0.283085
0.283085
0.290363
0.304632
0.325374
0.351918
0.383535
0.419509
0.459175
0.491488
0.453646
0.419509
0.389672
0.36476
0.345392
0.332123
0.325374
0.325374
0.332123
0.345392
0.36476
0.389672
0.419509
0.453646
0.491488
0.527491
0.491488
0.459175
0.431078
0.407736
0.389672
0.377339
0.371081
0.371081
0.377339
0.389672
0.407736
0.431078
0.459175
0.491488
0.527491
0.561899
0.527491
0.496738
0.470107
0.448072
0.431078
0.419509
0.413649
0.413649
0.419509
0.431078
0.448072
0.470107
0.496738
0.527491
0.561899
0.527491
0.491488
0.459175
0.431078
0.407736
0.389672
0.377339
0.371081
0.371081
0.377339
0.389672
0.407736
0.431078
0.459175
0.491488
0.527491
0.496738
0.459175
0.425318
0.395749
0.371081
0.351918
0.338795
0.332123
0.332123
0.338795
0.351918
0.371081
0.395749
0.425318
0.459175
0.496738
0.470107
0.431078
0.395749
0.36476
0.338795
0.318544
0.304632
0.297544
0.297544
0.304632
0.318544
0.338795
0.36476
0.395749
0.431078
0.470107
0.448072
0.407736
0.371081
0.338795
0.311631
0.290363
0.275706
0.268223
0.268223
0.275706
0.290363
0.311631
0.338795
0.371081
0.407736
0.448072
0.431078
0.389672
0.351918
0.318544
0.290363
0.268223
0.252921
0.245093
0.245093
0.252921
0.268223
0.290363
0.318544
0.351918
0.389672
0.431078
0.419509
0.377339
0.338795
0.304632
0.275706
0.252921
0.237139
0.229053
0.229053
0.237139
0.252921
0.275706
0.304632
0.338795
0.377339
0.419509
0.413649
0.371081
0.332123
0.297544
0.268223
0.245093
0.229053
0.220829
0.220829
0.229053
0.245093
0.268223
0.297544
0.332123
0.371081
0.413649
0.413649
0.371081
0.332123
0.297544
0.268223
0.245093
0.229053
0.220829
0.220829
0.229053
0.245093
0.268223
0.297544
0.332123
0.371081
0.413649
0.419509
0.377339
0.338795
0.304632
0.275706
0.252921
0.237139
0.229053
0.229053
0.237139
0.252921
0.275706
0.304632
0.338795
0.377339
0.419509
0.431078
0.389672
0.351918
0.318544
0.290363
0.268223
0.252921
0.245093
0.245093
0.252921
0.268223
0.290363
0.318544
0.351918
0.389672
0.431078
0.448072
0.407736
0.371081
0.338795
0.311631
0.290363
0.275706
0.268223
0.268223
0.275706
0.290363
0.311631
0.338795
0.371081
0.407736
0.448072
0.470107
0.431078
0.395749
0.36476
0.338795
0.318544
0.304632
0.297544
0.297544
0.304632
0.318544
0.338795
0.36476
0.395749
0.431078
0.470107
0.496738
0.459175
0.425318
0.395749
0.371081
0.351918
0.338795
0.332123
0.332123
0.338795
0.351918
0.371081
0.395749
0.425318
0.459175
0.496738
0.527491
0.491488
0.459175
0.431078
0.407736
0.389672
0.377339
0.371081
0.371081
0.377339
0.389672
0.407736
0.431078
0.459175
0.491488
0.527491
0.561899
0.527491
0.496738
0.470107
0.448072
0.431078
0.419509
0.413649
0.413649
0.419509
0.431078
0.448072
0.470107
0.496738
0.527491
0.561899
)
;

boundaryField
{
    walls
    {
        type            zeroGradient;
    }
}


// ************************************************************************* //
