/*--------------------------------*- C++ -*----------------------------------*\
| =========                 |                                                 |
| \\      /  F ield         | OpenFOAM: The Open Source CFD Toolbox           |
|  \\    /   O peration     | Version:  2112                                  |
|   \\  /    A nd           | Website:  www.openfoam.com                      |
|    \\/     M anipulation  |                                                 |
\*---------------------------------------------------------------------------*/
FoamFile
{
    version     2.0;
    format      ascii;
    arch        "LSB;label=32;scalar=64";
    class       surfaceScalarField;
    location    "0";
    object      phi;
}
// * * * * * * * * * * * * * * * * * * * * * * * * * * * * * * * * * * * * * //

dimensions      [0 3 -1 0 0 0 0];

oriented        oriented;

internalField   nonuniform List<scalar> 
3890
(
0.00539902
-0.0761241
0.0707251
0.010375
-0.0701064
0.0651311
0.0150268
-0.0654656
0.060814
0.0194258
-0.0618111
0.0574123
0.0236236
-0.0588825
0.0546845
0.0276586
-0.0565001
0.0524648
0.0315594
-0.0545371
0.0506361
0.0353478
-0.052902
0.0491135
0.039044
-0.0515272
0.0478309
-0.0503626
0.0467274
0.0426792
0.00493587
-0.0810599
0.00948482
-0.0746554
0.0137377
-0.0697185
0.017759
-0.0658327
0.0215957
-0.0627194
0.0252821
-0.0601868
0.0288441
-0.0580992
0.032301
-0.056359
0.0356695
-0.0548956
-0.0536595
0.0389666
0.00444004
-0.0854993
0.00853228
-0.078747
0.0123583
-0.0735443
0.0159764
-0.0694507
0.0194283
-0.0661716
0.0227449
-0.0635037
0.0259483
-0.0613027
0.0290526
-0.0594634
0.0320636
-0.0579066
-0.0565691
0.0349733
0.00391476
-0.089414
0.00752307
-0.0823555
0.0108974
-0.0769188
0.0140891
-0.0726427
0.0171358
-0.0692186
0.0200653
-0.0664334
0.0228985
-0.064136
0.0256514
-0.0622164
0.0283369
-0.0605921
-0.0592003
0.030968
0.00336314
-0.0927768
0.00646352
-0.0854555
0.00936358
-0.0798188
0.012108
-0.0753873
0.0147297
-0.0718407
0.0172536
-0.0689577
0.0196994
-0.0665821
0.0220831
-0.0646004
0.0244197
-0.0629289
-0.0615049
0.0267241
0.00278867
-0.0955656
0.00535978
-0.0880269
0.00776564
-0.0822249
0.0100435
-0.0776657
0.0122214
-0.0740189
0.0143204
-0.0710572
0.0163577
-0.0686199
0.0183475
-0.0665907
0.0203024
-0.0648843
-0.063437
0.022234
0.00219482
-0.0977601
0.00421885
-0.0900506
0.00611326
-0.0841193
0.00790779
-0.0794604
0.00962455
-0.0757361
0.0112806
-0.0727138
0.0128896
-0.0702294
0.0144626
-0.0681644
0.0160092
-0.0664316
-0.0649658
0.0175373
0.00158558
-0.0993459
0.00304791
-0.0915132
0.00441697
-0.0854886
0.00571419
-0.080758
0.00695583
-0.0769781
0.00815398
-0.0739126
0.00931862
-0.0713947
0.0104574
-0.069304
0.0115769
-0.067552
-0.0660721
0.0126821
0.000964956
-0.10031
0.00185515
-0.0924028
0.00268855
-0.0863218
0.00347832
-0.0815478
0.00423424
-0.0777342
0.00496365
-0.0746425
0.0056725
-0.0721043
0.00636525
-0.0699978
0.00704571
-0.0682335
-0.0667443
0.00771663
0.000337491
-0.100648
0.000648823
-0.0927142
0.00094035
-0.0866131
0.00121637
-0.0818239
0.00148032
-0.0779983
0.00173454
-0.0748972
0.00198104
-0.0723515
0.00222112
-0.070239
0.00245597
-0.0684697
0.00268646
-0.0669766
0.00779954
-0.00779954
0.0149789
-0.00717894
0.0216765
-0.00669716
0.0279918
-0.00631508
0.0339983
-0.00600644
0.0397516
-0.00575328
0.0452946
-0.00554307
0.0506616
-0.00536698
0.0558804
-0.0052188
-0.00509427
0.0609746
0.00775522
-0.0155539
0.0148938
-0.0143168
0.0215535
-0.0133564
0.0278333
-0.0125947
0.033806
-0.0119791
0.0395264
-0.0114738
0.0450368
-0.0110535
0.0503703
-0.0107006
0.0555536
-0.0104021
-0.0101487
0.0606079
0.00766646
-0.0232198
0.0147237
-0.0213736
0.0213081
-0.0199406
0.0275173
-0.0188038
0.0334231
-0.0178849
0.039079
-0.0171298
0.0445261
-0.0165006
0.0497959
-0.0159706
0.0549142
-0.0155204
-0.0151364
0.0599018
0.00753354
-0.0307529
0.0144691
-0.0283087
0.020941
-0.0264123
0.0270453
-0.0249082
0.0328523
-0.023692
0.0384139
-0.0226916
0.0437694
-0.0218562
0.0489482
-0.0211496
0.0539736
-0.0205458
-0.0200266
0.0588636
0.00735671
-0.0381094
0.0141304
-0.0350823
0.020453
-0.032735
0.0264187
-0.0308741
0.0320963
-0.0293697
0.037536
-0.0281316
0.0427755
-0.0270958
0.0478414
-0.0262157
0.0527533
-0.0254577
-0.0247975
0.057524
0.00713615
-0.0452453
0.0137081
-0.0416541
0.0198447
-0.0388718
0.0256383
-0.036668
0.0311561
-0.0348879
0.036448
-0.0334239
0.0415506
-0.0321986
0.0464893
-0.0311546
0.0512799
-0.0302484
-0.0294459
0.0559281
0.00687218
-0.0521176
0.0132023
-0.0479846
0.019116
-0.0447856
0.024703
-0.0422552
0.0300298
-0.040215
0.0351466
-0.038541
0.0400917
-0.0371439
0.0448934
-0.0359567
0.0495703
-0.0349254
-0.0340026
0.0541267
0.00656527
-0.0586829
0.012614
-0.0540337
0.0182669
-0.0504389
0.0236113
-0.0475998
0.0287121
-0.0453161
0.0336201
-0.0434493
0.0383774
-0.0419015
0.0430214
-0.040601
0.0475881
-0.0394924
-0.0385263
0.0521116
0.00621628
-0.0648991
0.0119445
-0.0597619
0.0172991
-0.055794
0.0223633
-0.0526643
0.027199
-0.0501521
0.0318548
-0.0481055
0.0363725
-0.0464194
0.0407928
-0.0450217
0.0451697
-0.0438693
-0.0429528
0.0495959
0.00582678
0.0111966
0.0162168
0.0209645
0.0254967
0.0298556
0.0340722
0.0381637
0.0421253
0.0458999
0.0625262
-0.00155163
0.0637974
-0.00127126
0.064833
-0.0010356
0.0656694
-0.000836572
0.0663375
-0.00066806
0.0668625
-0.000525156
0.0672663
-0.000403753
0.0675664
-0.000300241
0.0677778
-0.000211396
0.067912
-0.000134356
0.0679787
-6.66958e-05
0.067985
-6.39508e-06
0.0679369
4.81321e-05
0.0678387
9.81497e-05
0.0676941
0.000144612
0.0675058
0.000188295
0.067276
0.000229802
0.0670063
0.000269675
0.066698
0.000308372
0.000346374
0.0621648
-0.00310847
0.0634499
-0.00255652
0.0645027
-0.00208843
0.0653586
-0.00169262
0.0660478
-0.00135736
0.0665957
-0.00107319
0.0670239
-0.000831954
0.0673498
-0.00062628
0.0675879
-0.000449507
0.0677492
-0.000295802
0.0678428
-0.000160324
0.0678754
-3.91579e-05
0.0678529
7.07103e-05
0.0677793
0.00017164
0.0676586
0.000265415
0.0674933
0.000353492
0.0672861
0.000437039
0.0670386
0.000517116
0.0667524
0.000594657
0.000670631
0.0614752
-0.00468185
0.0627863
-0.00386774
0.0638689
-0.00317106
0.0647589
-0.00258274
0.0654866
-0.00208505
0.0660772
-0.001664
0.0665523
-0.001307
0.0669282
-0.00100232
0.0672182
-0.000739491
0.0674319
-0.000509671
0.0675775
-0.000305842
0.0676608
-0.000122583
0.0676874
4.4186e-05
0.0676614
0.000197595
0.0675868
0.000340074
0.0674666
0.000473622
0.0673038
0.000599954
0.0671002
0.000720631
0.0668578
0.000837093
0.000950839
0.0604537
-0.00627203
0.0618002
-0.00521429
0.0629246
-0.00429551
0.063864
-0.00352223
0.0646494
-0.00287035
0.0653058
-0.00232057
0.0658533
-0.00185438
0.0663056
-0.00145474
0.0666734
-0.00110727
0.0669644
-0.000800704
0.0671853
-0.000526667
0.0673415
-0.00027895
0.0674388
-5.29594e-05
0.0674814
0.000154915
0.0674739
0.000347591
0.0674199
0.000527621
0.0673226
0.000697287
0.0671845
0.000858754
0.0670076
0.00101403
0.0011652
0.0591216
-0.00786967
0.0605058
-0.00659854
0.0616801
-0.00546977
0.0626842
-0.00452646
0.0635495
-0.0037355
0.064298
-0.00306918
0.0649447
-0.00250097
0.0654985
-0.00200856
0.0659665
-0.00157517
0.0663546
-0.00118885
0.0666693
-0.000841244
0.0669164
-0.000526152
0.0671023
-0.000238796
0.0672323
2.48889e-05
0.0673115
0.000268437
0.067344
0.000495125
0.0673334
0.000707986
0.0672822
0.000909923
0.0671926
0.00110363
0.00129182
0.0575085
-0.0094501
0.0589226
-0.0080127
0.0601545
-0.00670165
0.0612459
-0.00561782
0.0622202
-0.00470971
0.0630889
-0.00393782
0.0638572
-0.00326909
0.0645287
-0.00268012
0.0651092
-0.00215555
0.0656054
-0.00168503
0.0660253
-0.00126106
0.0663765
-0.000877419
0.0666666
-0.000528755
0.0669015
-0.00021008
0.0670869
8.31638e-05
0.0672267
0.000355273
0.0673245
0.000610224
0.0673826
0.000851779
0.067403
0.00108337
0.00130839
0.0556491
-0.0109725
0.057078
-0.0094417
0.0583923
-0.00801587
0.059609
-0.00683443
0.0607225
-0.0058229
0.0617257
-0.00494092
0.062618
-0.00416115
0.0634047
-0.00346675
0.0640959
-0.00284652
0.0647023
-0.00229142
0.0652349
-0.00179346
0.0657025
-0.00134504
0.066113
-0.000939192
0.0664723
-0.000569372
0.0667852
-0.000229671
0.0670551
8.53604e-05
0.0672847
0.00038066
0.0674757
0.0006608
0.0676292
0.000929879
0.00119194
0.0535643
-0.0124252
0.0550245
-0.010902
0.0564874
-0.0094785
0.0578617
-0.00820857
0.0591073
-0.00706805
0.0602185
-0.00605183
0.0612076
-0.00514979
0.0620916
-0.0043506
0.0628877
-0.00364231
0.0636094
-0.003013
0.0642677
-0.00245148
0.0648701
-0.00194747
0.065423
-0.00149188
0.0659302
-0.00107659
0.0663951
-0.000694484
0.0668197
-0.000339227
0.0672056
-5.13659e-06
0.0675535
0.000312903
0.0678639
0.00061949
0.000919091
0.0511731
-0.0140023
0.0528426
-0.0125714
0.0545032
-0.0111386
0.0559797
-0.00968473
0.0572844
-0.00837219
0.0584547
-0.00722176
0.0595221
-0.00621675
0.0605081
-0.00533636
0.0614276
-0.00456143
0.0622899
-0.0038751
0.0631017
-0.00326304
0.0638672
-0.00271295
0.0645899
-0.00221434
0.0652715
-0.00175816
0.0659137
-0.0013366
0.0665173
-0.000942798
0.067083
-0.000570724
0.0676108
-0.00021493
0.068101
0.000129379
0.000466859
0.0477729
-0.015875
0.0496053
-0.0144036
0.0513611
-0.0128937
0.0530073
-0.0113305
0.0545283
-0.00989254
0.0559332
-0.00862625
0.0572385
-0.00752155
0.0584588
-0.00655631
0.0596061
-0.00570834
0.0606894
-0.00495826
0.0617162
-0.00428956
0.0626917
-0.00368835
0.0636204
-0.00314278
0.0645051
-0.00264283
0.0653485
-0.00217982
0.066152
-0.00174631
0.0669171
-0.0013357
0.0676444
-0.000942212
0.0683345
-0.000560635
-0.000186194
0.0673413
-0.0145833
-0.0686327
0.0661647
-0.0132266
0.0651994
-0.0119279
0.0645182
-0.0106489
0.0640663
-0.0094403
0.0637745
-0.00833409
0.0635908
-0.00733754
0.0634797
-0.00644488
0.0634171
-0.0056455
0.0633866
-0.00492756
0.0633768
-0.00427965
0.0633799
-0.00369129
0.0633904
-0.00315307
0.0634043
-0.00265661
0.063419
-0.00219448
0.0634328
-0.00176004
0.0634445
-0.00134735
0.0634534
-0.000951019
0.0634589
-0.000566124
-0.000187978
0.068698
-0.0130334
-0.0702476
0.0674634
-0.0119917
0.0664783
-0.0109426
0.0657268
-0.00989737
0.0651725
-0.00888583
0.0647711
-0.00793255
0.0644835
-0.00704979
0.0642791
-0.00624036
0.064135
-0.00550131
0.0640345
-0.00482693
0.0639652
-0.00421026
0.0639182
-0.00364417
0.0638868
-0.00312164
0.0638664
-0.00263612
0.0638535
-0.00218146
0.0638455
-0.00175204
0.0638408
-0.00134263
0.0638383
-0.000948424
0.063837
-0.000564856
-0.000187591
0.0697396
-0.011502
-0.0712708
0.0685125
-0.0107646
0.0675235
-0.00995352
0.0667384
-0.00911229
0.0661258
-0.00827336
0.0656538
-0.00746061
0.0652929
-0.0066889
0.0650181
-0.00596556
0.0648094
-0.00529259
0.0646511
-0.00466863
0.0645313
-0.00409038
0.0644407
-0.00355351
0.0643724
-0.00305327
0.0643211
-0.00258477
0.0642829
-0.00214324
0.0642549
-0.00172404
0.0642351
-0.00132276
0.0642219
-0.00093519
0.0642143
-0.000557288
-0.000185127
0.070477
-0.0101278
-0.0718513
0.0693236
-0.00961126
0.0683647
-0.00899484
0.0675773
-0.0083251
0.0669386
-0.0076349
0.0664256
-0.00694782
0.0660162
-0.00627979
0.0656911
-0.00564053
0.0654333
-0.00503497
0.0652294
-0.00446474
0.0650682
-0.00392919
0.0649409
-0.0034263
0.0648409
-0.00295319
0.0647626
-0.00250651
0.0647021
-0.00208271
0.0646562
-0.00167814
0.0646226
-0.0012892
0.0645998
-0.000912315
0.0645865
-0.000543986
-0.000180763
0.0709936
-0.00892626
-0.0721952
0.06994
-0.00855794
0.0690345
-0.00808956
0.0682675
-0.00755846
0.0676257
-0.00699341
0.0670936
-0.00641605
0.0666555
-0.00584201
0.0662966
-0.00528185
0.0660036
-0.0047421
0.0657649
-0.0042262
0.065571
-0.0037354
0.065414
-0.00326935
0.0652875
-0.00282671
0.0651864
-0.0024054
0.0651066
-0.00200295
0.0650451
-0.00161664
0.0649995
-0.0012436
0.0649681
-0.000880892
0.0649497
-0.000525581
-0.000174701
0.0713619
-0.00787141
-0.0724169
0.0704084
-0.0076047
0.0695656
-0.00724705
0.0688325
-0.00682583
0.068203
-0.00636426
0.0676676
-0.00588102
0.0672157
-0.00539041
0.0668364
-0.00490283
0.0665195
-0.00442541
0.0662557
-0.00396261
0.0660371
-0.00351687
0.0658567
-0.00308904
0.0657088
-0.00267892
0.0655888
-0.00228545
0.0654929
-0.00190709
0.0654182
-0.00154188
0.0653622
-0.00118766
0.0653234
-0.000842088
0.0653006
-0.000502748
-0.000167164
0.0716286
-0.0069366
-0.0725635
0.070766
-0.00674236
0.0699868
-0.00646808
0.0692941
-0.00613352
0.0686863
-0.00575679
0.0681582
-0.00535337
0.0677033
-0.00493577
0.0673138
-0.00451365
0.0669823
-0.00409409
0.0667015
-0.00368199
0.0664649
-0.00328042
0.0662668
-0.00289105
0.0661023
-0.00251446
0.0659672
-0.00215042
0.0658582
-0.00179807
0.0657724
-0.00145615
0.0657078
-0.00112307
0.0656627
-0.000797053
0.0656361
-0.000476159
-0.000158373
0.0718228
-0.00610081
-0.0726587
0.0710403
-0.00596001
0.0703213
-0.00574936
0.0696708
-0.00548335
0.0690897
-0.00517599
0.0685758
-0.00483987
0.0681254
-0.00448562
0.0677334
-0.00412189
0.0673944
-0.00375533
0.0671031
-0.00339082
0.0668543
-0.00303176
0.0666434
-0.00268027
0.0664663
-0.00233747
0.0663196
-0.00200368
0.0662001
-0.00167863
0.0661055
-0.00136157
0.0660338
-0.00105143
0.0659836
-0.000746895
0.0659539
-0.000446465
-0.000148541
0.0719636
-0.00534808
-0.0727164
0.071251
-0.00524744
0.0705873
-0.00508595
0.0699782
-0.00487448
0.0694258
-0.00462393
0.0689301
-0.00434444
0.0684891
-0.00404495
0.0680999
-0.00373295
0.0677589
-0.00341448
0.0674621
-0.00309421
0.0672058
-0.00277553
0.0669862
-0.0024608
0.0668001
-0.00215146
0.0666446
-0.00184821
0.0665171
-0.00155118
0.0664156
-0.00126007
0.0663383
-0.000974193
0.0662841
-0.000692627
0.0662519
-0.000414263
-0.000137867
0.0720643
-0.00466587
-0.0727465
0.0714125
-0.00459565
0.0707988
-0.00447245
0.0702287
-0.00430464
0.0697053
-0.00410076
0.0692296
-0.00386899
0.0688011
-0.00361674
0.0684184
-0.00335043
0.0680792
-0.00307542
0.0677808
-0.00279597
0.0675205
-0.00251535
0.0672956
-0.00223594
0.0671034
-0.00195934
0.0669416
-0.0016865
0.0668082
-0.00141783
0.0667015
-0.00115333
0.0666199
-0.000892639
0.0665624
-0.000635158
0.0665283
-0.000380094
-0.000126529
0.0721345
-0.00404405
-0.0727563
0.0715357
-0.00399679
0.0709666
-0.00390353
0.0704326
-0.00377082
0.0699371
-0.00360544
0.0694818
-0.00341398
0.0690674
-0.00320256
0.0686934
-0.00297661
0.0683586
-0.00274078
0.0680614
-0.00249888
0.0677999
-0.00225394
0.0675722
-0.00200825
0.0673762
-0.00176345
0.0672103
-0.00152061
0.0670727
-0.00128031
0.0669622
-0.00104277
0.0668774
-0.000807874
0.0668175
-0.000575269
0.0667818
-0.000344424
-0.000114683
0.0721818
-0.00347406
-0.0727517
0.0716289
-0.00344389
0.0710993
-0.00337401
0.070598
-0.00326963
0.0701285
-0.00313615
0.0696932
-0.00297889
0.0692934
-0.00280287
0.0689292
-0.00261264
0.0686005
-0.00241217
0.0683063
-0.00220481
0.0680456
-0.00199326
0.067817
-0.00177967
0.0676191
-0.0015656
0.0674506
-0.00135216
0.0673103
-0.00114003
0.0671971
-0.000929564
0.06711
-0.000720815
0.0670483
-0.00051362
0.0670116
-0.00030765
-0.000102461
0.0722119
-0.00294842
-0.0727375
0.0716988
-0.00293065
0.0712037
-0.00287897
0.0707315
-0.00279752
0.0702858
-0.00269061
0.0698693
-0.00256253
0.0694836
-0.00241737
0.0691297
-0.0022589
0.0688079
-0.00209045
0.0685179
-0.00191491
0.0682592
-0.00173463
0.068031
-0.00155155
0.0678325
-0.00136711
0.0676627
-0.00118239
0.0675208
-0.00099809
0.0674058
-0.000814638
0.0673172
-0.000632198
0.0672543
-0.000450742
0.0672167
-0.000270094
-8.99706e-05
0.0722297
-0.00246042
-0.0727176
0.0717505
-0.0024513
0.0712852
-0.00241367
0.0708384
-0.00235083
0.0704139
-0.0022662
0.0700144
-0.00216321
0.0696421
-0.00204516
0.0692981
-0.00191511
0.0689834
-0.00177582
0.0686982
-0.00162971
0.0684423
-0.00147881
0.0682155
-0.00132477
0.0680172
-0.0011689
0.067847
-0.00101218
0.0677042
-0.000855301
0.0675883
-0.000698695
0.0674986
-0.000542594
0.067435
-0.000387056
0.0673969
-0.000232011
-7.72981e-05
0.0722388
-0.00200389
-0.0726952
0.0717881
-0.00200042
0.071348
-0.00197357
0.070923
-0.00192592
0.0705169
-0.00186014
0.0701325
-0.00177894
0.0697721
-0.00168492
0.0694374
-0.00158054
0.0691295
-0.00146801
0.0688491
-0.00134931
0.0685963
-0.00122611
0.0683713
-0.00109982
0.068174
-0.000971541
0.0680039
-0.000842139
0.0678608
-0.000712234
0.0677444
-0.000582247
0.0676542
-0.000452425
0.06759
-0.000322875
0.0675516
-0.000193595
-6.45086e-05
0.0722423
-0.00157307
-0.072673
0.071815
-0.00157288
0.0713957
-0.00155424
0.0709888
-0.00151909
0.0705981
-0.00146949
0.0702265
-0.00140747
0.0698765
-0.00133504
0.06955
-0.00125409
0.0692482
-0.00116636
0.0689723
-0.00107339
0.0687226
-0.00097651
0.0684996
-0.000876845
0.0683034
-0.000775302
0.0681338
-0.000672593
0.0679908
-0.000569246
0.0678742
-0.000465632
0.0677837
-0.000361983
0.0677193
-0.000258422
0.0676807
-0.000154986
-5.16497e-05
0.0722425
-0.00116248
-0.0726529
0.0718336
-0.00116378
0.0714308
-0.0011514
0.0710384
-0.00112672
0.0706601
-0.00109123
0.0702989
-0.00104639
0.0699574
-0.000993666
0.0696377
-0.000934428
0.0693412
-0.00086995
0.0690691
-0.000801373
0.0688223
-0.000729692
0.0686012
-0.000655748
0.0684061
-0.000580231
0.0682371
-0.000503686
0.0680944
-0.000426527
0.0679778
-0.000349051
0.0678873
-0.000271453
0.0678227
-0.000193846
0.067784
-0.000116278
-3.87537e-05
0.0722412
-0.000766867
-0.0726366
0.071846
-0.000768361
0.0714555
-0.000760822
0.0710739
-0.000745154
0.0707049
-0.000722292
0.0703516
-0.00069319
0.0700167
-0.00065879
0.0697022
-0.000619991
0.0694098
-0.00057763
0.0691408
-0.000532458
0.0688962
-0.000485136
0.0686767
-0.000436224
0.0684826
-0.000386186
0.0683143
-0.000335392
0.0681719
-0.000284125
0.0680554
-0.000232592
0.0679649
-0.000180931
0.0679003
-0.000129229
0.0678615
-7.75283e-05
-2.58406e-05
0.0722397
-0.00038121
-0.0726251
0.0718535
-0.000381969
0.0714711
-0.000378371
0.0710968
-0.00037077
0.070734
-0.000359586
0.070386
-0.000345277
0.0700555
-0.000328304
0.0697445
-0.000309113
0.069455
-0.000288118
0.0691881
-0.000265694
0.0689451
-0.000242171
0.0687267
-0.000217829
0.0685334
-0.000192901
0.0683656
-0.000167574
0.0682234
-0.000141992
0.0681071
-0.000116261
0.0680166
-9.04521e-05
0.067952
-6.46124e-05
0.0679132
-3.87658e-05
-1.29213e-05
0.0722389
-0.0726199
0.0718571
0.0714787
0.071108
0.0707483
0.070403
0.0700747
0.0697655
0.0694774
0.0692117
0.0689695
0.0687516
0.0685587
0.0683912
0.0682492
0.0681329
0.0680424
0.0679778
0.0679391
0.0657388
0.00264692
-0.0657002
0.0658554
0.0075981
0.0660468
0.0124894
0.0663044
0.0172786
0.0666154
0.0219223
0.0669616
0.0263774
0.0673224
0.0306072
0.067687
0.0346089
0.0681032
0.0385506
0.0421505
0.0646825
0.00258034
-0.0646177
0.0648778
0.00740104
0.065206
0.0121601
0.0656687
0.016815
0.066266
0.0213246
0.0669896
0.0256536
0.0678074
0.0297894
0.0686328
0.0337836
0.0694145
0.0377692
0.0413176
0.0637704
0.00249135
-0.063683
0.0640305
0.00713936
0.0644643
0.0117253
0.0650698
0.0162089
0.0658373
0.0205567
0.0667394
0.0247514
0.0677226
0.0288064
0.0687383
0.0327682
0.0699145
0.0365932
0.0399613
0.0629755
0.00238494
-0.0628707
0.063284
0.00682921
0.063793
0.0112152
0.0644923
0.0155088
0.0653606
0.019688
0.0663628
0.0237491
0.0674648
0.0277044
0.0686922
0.0315409
0.0701743
0.0351112
0.0382842
0.0622767
0.00226643
-0.0621596
0.0626183
0.00648619
0.0631768
0.0106558
0.0639362
0.0147489
0.0648725
0.0187513
0.0659612
0.0226603
0.0672006
0.026465
0.0686394
0.0301021
0.0703294
0.0334212
0.0364182
0.0616593
0.00213964
-0.0615339
0.0620229
0.00612126
0.0626147
0.0100631
0.0634179
0.0139449
0.064414
0.0177548
0.0655933
0.0214807
0.0669705
0.0250878
0.0685793
0.0284934
0.0704154
0.0315851
0.0344166
0.0611129
0.0020073
-0.0609816
0.0614918
0.00574128
0.0621087
0.00944549
0.0629498
0.0131033
0.0640042
0.0167001
0.0652723
0.0202124
0.066769
0.0235911
0.068505
0.0267573
0.0704512
0.0296389
0.0323042
0.0606302
0.00187061
-0.0604945
0.0610211
0.00534934
0.0616596
0.00880624
0.0625363
0.012226
0.0636464
0.0155895
0.0649938
0.0188648
0.0665863
0.0219985
0.0684175
0.0249261
0.0704517
0.0276046
0.0300972
0.0602055
0.00173032
-0.0600659
0.0606071
0.00494696
0.0612657
0.00814717
0.0621758
0.0113154
0.0633364
0.0144286
0.0647503
0.0174507
0.0664171
0.0203316
0.0683211
0.0230221
0.0704282
0.0254976
0.027809
0.0598338
0.00158646
-0.0596907
0.0602457
0.00453447
0.0609233
0.00746901
0.0618642
0.010374
0.0630683
0.0132241
0.0645357
0.0159831
0.0662598
0.0186074
0.068221
0.0210609
0.070389
0.0233296
0.0254516
0.0595108
0.00143928
-0.059364
0.0599325
0.00411234
0.0606279
0.00677329
0.061596
0.0094055
0.0628364
0.0119835
0.0643461
0.0144732
0.0661146
0.0168389
0.0681215
0.0190541
0.0703405
0.0211107
0.0230359
0.0592322
0.00128875
-0.059082
0.0596633
0.00368094
0.0603748
0.00606136
0.0613663
0.00841357
0.0626363
0.0107132
0.0641793
0.0129301
0.0659825
0.0150356
0.0680262
0.0170104
0.0702874
0.0188497
0.0205718
0.0589943
0.00113518
-0.0588408
0.059434
0.00324108
0.0601598
0.0053353
0.0611711
0.00740204
0.0624649
0.00941913
0.0640339
0.0113611
0.0658644
0.0132051
0.0679377
0.0149372
0.0702334
0.0165542
0.0180679
0.0587935
0.000978746
-0.0586372
0.059241
0.00279352
0.0599792
0.00459681
0.0610068
0.00637413
0.0623197
0.00810606
0.063909
0.00977161
0.0657611
0.0113531
0.0678581
0.0128402
0.0701817
0.0142308
0.0155322
0.0586269
0.000819856
-0.0584679
0.0590812
0.00233933
0.05983
0.00384795
0.060871
0.0053329
0.062199
0.0067779
0.0638043
0.00816618
0.0656732
0.00948422
0.0677891
0.0107245
0.0701344
0.0118856
0.0129717
0.0584919
0.000658796
-0.0583306
0.058952
0.00187938
0.0597095
0.00309029
0.0607615
0.00428075
0.0621015
0.0054377
0.0637194
0.00654822
0.0656014
0.00760224
0.0677316
0.0085944
0.0700937
0.00952379
0.0103927
0.0583862
0.00049598
-0.058223
0.0588512
0.00141469
0.059616
0.00232547
0.0606768
0.00321985
0.0620264
0.00408803
0.063654
0.00492056
0.065546
0.00571032
0.0676869
0.00645366
0.0700608
0.00715009
0.00780083
0.0583081
0.00033171
-0.0581434
0.0587772
0.000946063
0.059548
0.00155478
0.0606159
0.00215189
0.0619729
0.00273086
0.063608
0.00328547
0.0655072
0.00381115
0.0676554
0.00430564
0.0700369
0.00476882
0.00520144
0.0582564
0.00016629
-0.0580905
0.0587288
0.000474342
0.0595043
0.000779353
0.0605779
0.00107829
0.0619408
0.00136785
0.0635814
0.00164489
0.0654856
0.00190712
0.0676379
0.00215351
0.0700228
0.00238411
0.00259943
0.0582302
-0.0580632
0.058705
0.0594843
0.0605625
0.0619304
0.0635753
0.0654825
0.0676362
0.0700204
0.0388127
0.0507073
-0.0471284
-0.0423916
0.0351607
0.0518629
-0.0482144
0.0314106
0.0532298
-0.0494813
0.0275417
0.0548579
-0.0509905
0.0235336
0.0568151
-0.0528079
0.0193582
0.0591935
-0.0550192
0.0149786
0.062121
-0.0577421
0.0103434
0.0657784
-0.0611444
0.00538335
0.0704289
-0.0654697
0.0764662
-0.0710839
0.0353783
0.0539364
-0.0386095
0.0320613
0.0551761
0.0286488
0.0566404
0.0251248
0.0583803
0.0214712
0.0604673
0.0176633
0.063
0.0136676
0.0661152
0.0094384
0.0700063
0.00491226
0.0749538
0.081378
0.0317479
0.0567906
-0.0346038
0.0287835
0.0581366
0.025723
0.0596993
0.022559
0.0615427
0.0192781
0.0637471
0.0158585
0.0664184
0.0122708
0.069702
0.00847356
0.0738026
0.00441025
0.0790169
0.0857878
0.0280136
0.0593765
-0.0306013
0.0253683
0.0607779
0.0226558
0.06241
0.0198608
0.0643362
0.0169676
0.0666391
0.0139553
0.0694297
0.0107967
0.0728598
0.00745511
0.0771439
0.00387994
0.082592
0.0896679
0.0240967
0.0616427
-0.0263648
0.0217948
0.063076
0.0194475
0.0647556
0.0170379
0.0667444
0.0145497
0.0691264
0.011963
0.0720155
0.00925355
0.0755688
0.0063886
0.0800082
0.00332465
0.0856558
0.0929923
0.0199833
0.0635416
-0.021884
0.0180586
0.064997
0.0161019
0.0667107
0.0140985
0.0687465
0.012034
0.07119
0.00989121
0.0741577
0.00764902
0.0778107
0.00528009
0.0823773
0.00274749
0.0881886
0.0957403
0.0156953
0.0650412
-0.0171966
0.0141754
0.0665133
0.0126327
0.0682521
0.0110556
0.0703226
0.00943287
0.0728121
0.00775072
0.0758393
0.00599242
0.0795689
0.00413581
0.0842338
0.00215193
0.0901728
0.0978923
0.0112679
0.066121
-0.0123494
0.0101727
0.0676052
0.00906199
0.0693614
0.00792762
0.0714558
0.00676173
0.0739773
0.00555443
0.0770464
0.00429342
0.0808301
0.0029629
0.085565
0.00154157
0.0915948
0.0994344
0.00674045
0.0667686
-0.00738955
0.00608255
0.0682599
0.00541644
0.0700262
0.0047368
0.0721346
0.00403898
0.0746747
0.00331701
0.0777683
0.00256358
0.0815838
0.00176893
0.08636
0.000920355
0.0924438
0.100355
0.00215252
-0.00236283
0.00193936
0.00172535
0.00150756
0.00128455
0.00105445
0.000814709
0.000562163
0.000292569
0.0565834
0.00520352
-0.0617869
0.0512631
0.00531834
0.0458045
0.00545805
0.040177
0.00562679
0.0343455
0.00583079
0.0282657
0.00607891
0.0218808
0.00638379
0.0151158
0.0067636
0.00786918
0.00724486
0.00786718
0.0562228
0.0103591
-0.0613795
0.0509444
0.0105943
0.0455244
0.0108767
0.0399341
0.0112157
0.0341392
0.011624
0.0280965
0.0121196
0.02175
0.0127278
0.0150253
0.0134852
0.00782162
0.014445
0.0156871
0.0555193
0.0154348
-0.0605959
0.0503175
0.015794
0.044971
0.0162223
0.0394524
0.0167331
0.0337293
0.0173457
0.0277598
0.0180873
0.0214894
0.0189961
0.0148452
0.0201269
0.00772777
0.0215595
0.0234134
0.0544902
0.0203949
-0.0594513
0.0493969
0.0208854
0.0441546
0.0214635
0.0387391
0.0221475
0.0331203
0.0229633
0.0272585
0.0239475
0.021101
0.0251517
0.0145765
0.0266489
0.00758776
0.0285454
0.0309997
0.0531645
0.0252157
-0.057986
0.0482024
0.0258459
0.0430885
0.0265768
0.0378026
0.0274325
0.0323176
0.0284471
0.0265959
0.0296678
0.0205866
0.0311592
0.0142204
0.033013
0.00740211
0.0353611
0.0384007
0.051577
0.029894
-0.0562561
0.0467544
0.0306674
0.0417837
0.0315468
0.036649
0.0325664
0.0313249
0.0337704
0.0257746
0.0352168
0.0199483
0.036984
0.0137782
0.0391811
0.00717158
0.0419654
0.0455711
0.049752
0.0344626
-0.054321
0.0450598
0.0353588
0.0402415
0.0363647
0.0352786
0.0375288
0.0301428
0.0389055
0.0247959
0.0405628
0.0191875
0.0425911
0.0132512
0.0451158
0.00689688
0.0483179
0.0524672
0.047658
0.0389844
-0.0521801
0.0430906
0.0399255
0.0384444
0.0410104
0.033683
0.0422896
0.028769
0.0438189
0.0236602
0.0456708
0.018306
0.0479443
0.012641
0.0507792
0.00657897
0.0543784
0.0590455
0.0451316
0.0433972
-0.0495444
0.0407679
0.0442878
0.0363595
0.0454182
0.0318513
0.0467971
0.0272018
0.0484677
0.0223697
0.0505022
0.0173064
0.0530066
0.0119502
0.056134
0.0062193
0.0601082
0.0652641
0.0419789
-0.0457129
0.0380496
0.0339854
0.029791
0.0254497
0.0209315
0.0161944
0.0111825
0.00581968
0.0704294
0.000281278
0.0704617
-3.23668e-05
0.0704772
-1.5525e-05
0.0704722
4.83901e-06
0.0704433
2.88344e-05
0.0703865
5.66798e-05
0.0702976
8.87494e-05
0.0701719
0.000125609
0.0700037
0.000168076
0.0697864
0.000217275
0.0695115
0.000274708
0.0691692
0.000342295
0.0687466
0.000422412
0.0682286
0.00051785
0.0675963
0.00063182
0.066828
0.000767894
0.0658971
0.000930167
0.0647729
0.00112345
0.0634183
0.00135365
0.00162858
0.0704221
0.000569783
0.0704324
-4.29484e-05
0.0704256
-8.91401e-06
0.070398
3.21974e-05
0.0703459
8.06514e-05
0.0702655
0.0001369
0.0701523
0.000201669
0.0700017
0.000276032
0.0698081
0.000361511
0.069565
0.000460215
0.0692644
0.000574983
0.0688969
0.000709547
0.0684502
0.000868627
0.0679097
0.00105793
0.0672565
0.00128409
0.0664691
0.00155444
0.0655207
0.00187718
0.0643811
0.00226173
0.0630137
0.0027196
0.00326074
0.0704081
0.000872264
0.070375
-1.00531e-05
0.0703243
4.15881e-05
0.0702524
0.000103889
0.0701555
0.000177357
0.0700294
0.00026276
0.0698697
0.000361173
0.0696715
0.000474145
0.069429
0.000603715
0.0691364
0.000752729
0.0687862
0.000924979
0.0683699
0.00112566
0.0678766
0.00136157
0.0672928
0.00164136
0.0666006
0.00197541
0.0657787
0.00237548
0.0648004
0.00285435
0.0636346
0.00342618
0.0622441
0.00410882
0.00490677
0.0703869
0.00119593
0.0702885
8.81234e-05
0.0701723
0.000157517
0.070035
0.000241062
0.0698724
0.000339692
0.0696803
0.000454646
0.0694538
0.000587511
0.0691875
0.000740348
0.0688753
0.000915663
0.0685113
0.00111674
0.0680882
0.00134785
0.0675989
0.00161491
0.0670342
0.00192596
0.0663833
0.00229203
0.0656309
0.00272729
0.0647569
0.00324881
0.0637349
0.00387545
0.062533
0.0046272
0.0611117
0.00552909
0.00656567
0.0703578
0.00154868
0.0701716
0.000274077
0.0699681
0.000360762
0.0697443
0.000464746
0.0694962
0.000587584
0.0692194
0.000731279
0.0689085
0.000898232
0.0685575
0.00109129
0.0681594
0.00131361
0.0677072
0.00156893
0.0671933
0.00186169
0.0666105
0.00219772
0.0659513
0.00258501
0.0652081
0.00303509
0.0643705
0.00356442
0.0634236
0.00419515
0.0623439
0.0049543
0.0610994
0.00587072
0.0596474
0.00698018
0.00822533
0.0703201
0.00193918
0.0700225
0.000571342
0.0697088
0.000674282
0.0693766
0.000796784
0.0690227
0.000941271
0.068643
0.00111092
0.0682317
0.00130933
0.0677824
0.00154053
0.0672872
0.00180877
0.0667374
0.0021187
0.0661238
0.00247531
0.0654372
0.00288441
0.0646691
0.00335304
0.0638132
0.00389108
0.062864
0.00451335
0.0618161
0.00524285
0.0606572
0.00611276
0.0593636
0.00716393
0.0578908
0.00845242
0.00985945
0.0702735
0.00237623
0.0698398
0.00100473
0.0693911
0.00112273
0.068927
0.0012606
0.0684456
0.00142241
0.0679432
0.00161313
0.0674145
0.00183784
0.0668529
0.00210192
0.0662506
0.00241094
0.0655982
0.00277104
0.0648848
0.00318867
0.0640982
0.00367095
0.0632258
0.00422531
0.0622566
0.00486026
0.0611832
0.00558639
0.0600058
0.00641985
0.0587304
0.00738761
0.0573632
0.00853025
0.0558867
0.00992833
0.0114242
0.0702204
0.00286638
0.0696233
0.00160135
0.0690128
0.00173273
0.0683924
0.0018805
0.0677608
0.00205348
0.0671143
0.00225918
0.0664477
0.00250391
0.0657554
0.00279388
0.0650303
0.00313558
0.0642645
0.00353641
0.0634481
0.00400465
0.0625688
0.00454988
0.0616112
0.00518253
0.0605571
0.00591392
0.0593876
0.00675536
0.0580894
0.00771756
0.0566664
0.00880989
0.0551599
0.0100361
0.0536637
0.0114238
0.0129071
0.0701702
0.00340658
0.0693725
0.00239827
0.0685718
0.00253267
0.0677734
0.00267824
0.0669719
0.00285423
0.066161
0.00306931
0.0653349
0.00332932
0.064488
0.00363998
0.0636151
0.00400771
0.0627105
0.00444027
0.0617675
0.00494684
0.0607779
0.00553865
0.0597306
0.00622903
0.0586097
0.00703389
0.0573924
0.00797164
0.0560465
0.00906232
0.054533
0.0103223
0.0528388
0.011729
0.0511437
0.013118
0.0145043
0.0701602
0.00395654
0.0690726
0.00348447
0.0680594
0.00354468
0.0670708
0.0036657
0.0660852
0.00383872
0.0650907
0.00406266
0.0640791
0.00433979
0.0630434
0.00467448
0.061977
0.00507288
0.0608729
0.00554305
0.0597234
0.00609501
0.0585195
0.00674122
0.0572503
0.00749684
0.0559025
0.00838019
0.0544602
0.00941247
0.0529059
0.0106151
0.0512295
0.0119972
0.0494466
0.0135108
0.047594
0.0149694
0.0163836
0.0648129
0.00378756
0.0646256
0.00367051
0.0644785
0.00369063
0.0643534
0.00378963
0.0642426
0.00394837
0.0641429
0.00416115
0.0640536
0.00442777
0.063976
0.00475084
0.0639127
0.00513483
0.0638686
0.00558581
0.063851
0.00611126
0.0638708
0.00672003
0.063944
0.00742211
0.0640946
0.00822808
0.0643581
0.00914744
0.0647867
0.0101848
0.0654506
0.0113319
0.0664054
0.0125547
0.0675734
0.0138002
0.0151076
0.068849
0.0646959
0.0037354
0.0646457
0.00371952
0.0645775
0.00375772
0.0645121
0.00385392
0.0644554
0.0040041
0.0644095
0.00420596
0.0643767
0.00445948
0.06436
0.00476644
0.0643637
0.00512999
0.0643941
0.00555432
0.0644598
0.00604442
0.0645728
0.00660578
0.06475
0.00724383
0.065014
0.00796297
0.0653955
0.00876489
0.0659338
0.00964561
0.0666734
0.0105915
0.0676509
0.0115765
0.0688809
0.0125694
0.0135574
0.0704298
0.06468
0.00369936
0.0646839
0.00371483
0.0646737
0.00376721
0.0646623
0.00386448
0.0646572
0.00400841
0.064663
0.00419936
0.0646836
0.00443799
0.0647235
0.00472571
0.064788
0.00506463
0.0648842
0.00545733
0.0650211
0.00590663
0.0652109
0.00641518
0.0654691
0.00698477
0.0658159
0.00761542
0.0662762
0.00830386
0.0668797
0.00904154
0.0676585
0.00981232
0.0686437
0.010591
0.0698689
0.0113436
0.0120253
0.0714004
0.0646955
0.00364795
0.0647363
0.00367351
0.0647709
0.00373201
0.0648063
0.00382867
0.0648482
0.00396605
0.0649016
0.00414543
0.0649714
0.00436779
0.0650624
0.00463421
0.0651807
0.00494591
0.0653335
0.00530418
0.0655297
0.00571008
0.0657805
0.00616402
0.0660998
0.00666518
0.0665043
0.00721061
0.0670139
0.00779413
0.0676505
0.00840485
0.0684372
0.00902565
0.0693963
0.00963177
0.0705506
0.0101893
0.0106503
0.0719252
0.0647211
0.00357138
0.0647948
0.0035996
0.0648676
0.00365899
0.0649436
0.00375241
0.0650275
0.00388191
0.065124
0.00404874
0.0652378
0.00425377
0.0653741
0.00449765
0.065539
0.00478088
0.0657394
0.00510368
0.0659836
0.00546577
0.0662816
0.00586595
0.0666452
0.00630161
0.0670879
0.00676804
0.0676246
0.00725754
0.0682713
0.00775843
0.0690433
0.00825403
0.0699538
0.00872168
0.0710116
0.00913163
0.00944594
0.0722162
0.0647493
0.00346655
0.0648541
0.0034946
0.064961
0.00355195
0.0650731
0.00364019
0.0651944
0.00376059
0.065329
0.00391404
0.0654817
0.00410109
0.0656574
0.00432194
0.0658618
0.00457647
0.0661015
0.0048641
0.0663838
0.00518357
0.0667173
0.0055326
0.0671116
0.0059075
0.0675773
0.00630263
0.0681255
0.00670976
0.0687669
0.00711748
0.0695109
0.00751051
0.0703638
0.00786936
0.0713259
0.00817012
0.00838475
0.0723876
0.0647773
0.00333392
0.0649115
0.00336048
0.0650493
0.00341422
0.0651935
0.0034959
0.0653478
0.00360628
0.0655161
0.00374582
0.0657025
0.00391466
0.0659119
0.0041126
0.0661494
0.00433903
0.0664209
0.00459275
0.0667328
0.00487187
0.0670922
0.00517345
0.0675068
0.00549324
0.0679845
0.00582529
0.0685332
0.0061615
0.0691599
0.00649132
0.0698698
0.00680137
0.0706645
0.00707546
0.0715406
0.0072948
0.00743934
0.0724869
0.0648039
0.0031746
0.0649652
0.00319914
0.065131
0.00324845
0.0653039
0.00332293
0.0654874
0.00342286
0.0656849
0.00354833
0.0659005
0.00369917
0.0661383
0.00387484
0.0664032
0.00407432
0.0667
0.00429606
0.0670344
0.00453775
0.067412
0.00479613
0.0678388
0.00506678
0.0683207
0.00534382
0.068863
0.0056197
0.06947
0.00588496
0.0701439
0.00612822
0.0708839
0.00633626
0.0716851
0.00649463
0.00658835
0.0725372
0.0648284
0.00299091
0.0650145
0.00301312
0.0652054
0.00305764
0.0654039
0.00312456
0.0656128
0.0032139
0.0658357
0.00332549
0.0660761
0.00345888
0.0663378
0.00361325
0.0666249
0.00378737
0.0669417
0.00397943
0.0672928
0.00418693
0.0676826
0.00440655
0.0681158
0.00463392
0.0685966
0.00486352
0.0691283
0.00508852
0.0697132
0.00530067
0.0703519
0.0054904
0.0710422
0.00564701
0.0717789
0.0057591
0.00581561
0.072553
0.0648506
0.00278487
0.0650591
0.0028047
0.0652723
0.00284433
0.0654932
0.00290373
0.0657244
0.00298269
0.0659691
0.00308086
0.0662305
0.00319759
0.0665119
0.00333193
0.066817
0.00348249
0.0671492
0.00364735
0.0675124
0.00382401
0.06791
0.0040092
0.0683455
0.00419882
0.0688216
0.00438784
0.0693404
0.00457018
0.069903
0.0047388
0.0705085
0.00488569
0.0711543
0.0050022
0.0718354
0.00507944
0.00510865
0.0725438
0.0648705
0.00255915
0.0650987
0.00257657
0.0653317
0.00261137
0.0655722
0.00266337
0.0658226
0.0027323
0.0660859
0.00281766
0.0663648
0.00291871
0.0666625
0.0030344
0.0669818
0.00316329
0.0673259
0.00330348
0.0676976
0.00345254
0.0680996
0.0036074
0.0685345
0.00376433
0.0690039
0.00391882
0.069509
0.0040656
0.0700499
0.00419868
0.070625
0.00431145
0.0712316
0.00439687
0.0718646
0.00444778
0.00445745
0.0725175
0.0648879
0.00231587
0.0651335
0.00233099
0.0653838
0.00236112
0.0656411
0.00240608
0.065908
0.00246547
0.0661869
0.00253877
0.0664805
0.00262519
0.0667914
0.00272367
0.067122
0.00283279
0.0674749
0.00295074
0.0678524
0.00307526
0.0682566
0.00320355
0.068689
0.00333227
0.0691507
0.0034575
0.0696421
0.00357471
0.0701626
0.00367887
0.0707104
0.00376453
0.0712825
0.00382598
0.0718742
0.00385754
0.0038537
0.0724797
0.064903
0.00205761
0.0651636
0.00207048
0.0654287
0.00209616
0.0657005
0.00213437
0.0659813
0.00218477
0.0662733
0.00224677
0.066579
0.00231963
0.0669005
0.0024023
0.06724
0.00249346
0.0675995
0.00259144
0.0679807
0.00269421
0.0683853
0.00279927
0.0688142
0.00290372
0.0692679
0.00300419
0.0697463
0.00309687
0.0702483
0.00317759
0.0707719
0.00324188
0.071314
0.00328511
0.0718704
0.00330266
0.00329024
0.0724357
0.0649159
0.00178637
0.0651893
0.00179715
0.0654669
0.0018186
0.0657509
0.0018505
0.0660433
0.00189246
0.0663462
0.00194395
0.0666617
0.00200427
0.0669917
0.00207245
0.067338
0.00214732
0.0677022
0.00222739
0.0680858
0.00231086
0.0684897
0.00239561
0.0689146
0.00247915
0.0693606
0.00255867
0.069827
0.00263101
0.0703126
0.00269274
0.0708151
0.00274025
0.0713316
0.00276983
0.071858
0.00277786
0.00276076
0.0723893
0.0649267
0.00150446
0.0652108
0.00151322
0.0654988
0.00153068
0.0657928
0.0015566
0.0660948
0.00159064
0.0664065
0.00163234
0.0667299
0.00168105
0.0670665
0.00173595
0.067418
0.001796
0.0677857
0.00185994
0.0681705
0.00192625
0.0685733
0.00199317
0.0689942
0.00205863
0.0694329
0.00212034
0.0698887
0.00217575
0.0703601
0.00222213
0.0708447
0.00225659
0.0713396
0.00227621
0.0718409
0.00227808
0.00225951
0.072344
0.0649354
0.00121372
0.0652282
0.00122061
0.0655247
0.00123429
0.0658269
0.00125459
0.0661365
0.00128121
0.0664552
0.00131376
0.0667848
0.00135169
0.0671266
0.00139433
0.067482
0.00144082
0.067852
0.00149014
0.0682375
0.00154107
0.0686387
0.00159219
0.0690559
0.00164188
0.0694883
0.00168833
0.0699351
0.00172955
0.0703945
0.00176342
0.0708643
0.00178773
0.0713415
0.00180025
0.0718223
0.00179879
0.0017812
0.0723024
0.0649423
0.00091619
0.0652419
0.000921261
0.065545
0.000931354
0.0658535
0.000946307
0.066169
0.000965903
0.0664931
0.000989826
0.0668274
0.00101766
0.0671731
0.00104888
0.0675313
0.00108285
0.0679029
0.00111877
0.0682886
0.00115573
0.0686884
0.00119268
0.0691023
0.0012284
0.0695296
0.00126156
0.069969
0.0012907
0.0704189
0.00131428
0.0708769
0.00133069
0.07134
0.00133831
0.0718047
0.00133552
0.00132084
0.0722668
0.0649474
0.000613565
0.065252
0.000616923
0.06556
0.000623573
0.0658731
0.000633418
0.0661929
0.000646304
0.066521
0.000662019
0.0668586
0.000680282
0.067207
0.000700735
0.0675672
0.000722943
0.0679399
0.000746384
0.0683255
0.000770444
0.0687242
0.000794417
0.0691355
0.000817506
0.0695587
0.000838831
0.0699926
0.000857436
0.0704353
0.000872312
0.0708845
0.000882413
0.0713372
0.000886689
0.0717901
0.000884127
0.00087372
0.0722388
0.0649507
0.000307639
0.0652586
0.000309346
0.0655698
0.000312645
0.065886
0.000317528
0.0662086
0.000323918
0.0665392
0.000331706
0.0668791
0.00034075
0.0672292
0.000350869
0.0675907
0.000361846
0.067964
0.000373417
0.0683495
0.000385276
0.0687472
0.000397071
0.0691568
0.000408406
0.0695773
0.000418846
0.0700074
0.000427919
0.0704454
0.000435128
0.0708887
0.000439961
0.0713347
0.000441908
0.0717796
0.000440476
0.000435331
0.0722196
0.0649525
0.0652619
0.0655747
0.0658924
0.0662164
0.0665483
0.0668892
0.0672402
0.0676022
0.0679758
0.0683613
0.0687586
0.0691672
0.0695864
0.0700147
0.0704502
0.0708907
0.0713332
0.0717745
0.0722107
0.0682703
-0.0418178
0.0678077
-0.0381512
0.0674084
-0.0342091
0.0670213
-0.0302186
0.0666556
-0.0260035
0.0663308
-0.0215633
0.0660635
-0.0169332
0.0658654
-0.0121549
0.0657434
-0.00727108
-0.00232366
0.0695407
-0.0409302
0.068717
-0.0373293
0.0678611
-0.033355
0.0670222
-0.0293817
0.0662848
-0.025268
0.0656791
-0.0209595
0.0652114
-0.0164674
0.0648806
-0.0118259
0.0646836
-0.00707587
-0.00225958
0.0699929
-0.0395242
0.068787
-0.036125
0.0677498
-0.0323197
0.0667514
-0.0283853
0.0658399
-0.0243587
0.0650676
-0.0201893
0.0644606
-0.0158624
0.0640272
-0.0113946
0.0637685
-0.00681904
-0.00217607
0.0702078
-0.037807
0.0687058
-0.0346238
0.067466
-0.0310807
0.0663553
-0.0272758
0.0653484
-0.023353
0.0644789
-0.0193211
0.0637811
-0.015166
0.0632754
-0.0108903
0.0629709
-0.00651605
-0.00207744
0.0703211
-0.0359124
0.0686192
-0.0329224
0.0671755
-0.029638
0.0659343
-0.0260357
0.0648459
-0.0222659
0.0639122
-0.0183888
0.0631573
-0.0144126
0.0626048
-0.0103392
0.0622697
-0.00618245
-0.00196894
0.070368
-0.0338921
0.0685271
-0.0310811
0.0669199
-0.0280306
0.065547
-0.0246629
0.0643731
-0.0210924
0.0633836
-0.0173997
0.062588
-0.0136176
0.0620047
-0.00975678
0.06165
-0.00582876
-0.00185385
0.0703668
-0.0317715
0.0684231
-0.0291369
0.0666944
-0.0263017
0.0652073
-0.0231759
0.0639494
-0.0198348
0.0629054
-0.0163563
0.0620751
-0.0127879
0.0614693
-0.00915181
0.0611016
-0.00546195
-0.001735
0.0703324
-0.0295654
0.0683077
-0.027111
0.0664893
-0.0244821
0.0649111
-0.0215969
0.0635782
-0.0185013
0.0624822
-0.01526
0.0616194
-0.0119249
0.0609945
-0.00852708
0.0606169
-0.00508476
-0.0016132
0.0702762
-0.0272873
0.0681855
-0.0250191
0.0662994
-0.0225949
0.0646513
-0.019948
0.0632558
-0.0171052
0.0621127
-0.0141166
0.0612192
-0.0110313
0.0605766
-0.00788463
0.0601903
-0.00469885
-0.00148935
0.0702064
-0.0249481
0.0680614
-0.0228722
0.0661231
-0.0206549
0.0644217
-0.018245
0.0629761
-0.0156584
0.0617926
-0.012932
0.0608709
-0.0101089
0.0602115
-0.00722474
0.059817
-0.00430421
-0.00136316
0.0701296
-0.0225586
0.0679398
-0.0206806
0.0659606
-0.0186741
0.0642185
-0.0165016
0.0627339
-0.0141725
0.0615167
-0.0117139
0.0605702
-0.00916158
0.0598949
-0.00654909
0.0594923
-0.00390141
-0.00123498
0.0700507
-0.0201274
0.0678243
-0.0184521
0.0658127
-0.0166604
0.0640396
-0.0147264
0.0625245
-0.0126558
0.0612802
-0.0104681
0.0603123
-0.00819243
0.0596227
-0.00585858
0.0592123
-0.00349051
-0.00110449
0.0699734
-0.0176632
0.0677176
-0.0161942
0.0656806
-0.0146214
0.0638834
-0.0129274
0.0623449
-0.0111157
0.0610789
-0.00920067
0.0600931
-0.00720541
0.0593907
-0.00515534
0.058973
-0.00307233
-0.000972057
0.0699011
-0.0151729
0.0676221
-0.0139129
0.065565
-0.0125621
0.0637492
-0.0111094
0.0621926
-0.00955708
0.0609095
-0.00791571
0.0599088
-0.00620321
0.0591953
-0.0044407
0.0587711
-0.00264735
-0.000837556
0.0698362
-0.0126631
0.0675393
-0.0116139
0.0654667
-0.0104875
0.0636366
-0.00927723
0.062066
-0.00798457
0.0607693
-0.00661723
0.0597564
-0.00518895
0.0590335
-0.00371668
0.0586035
-0.00221655
-0.00070136
0.0697806
-0.0101392
0.0674705
-0.00930164
0.0653863
-0.00840105
0.0635453
-0.00743389
0.0619638
-0.00640095
0.0606562
-0.00530777
0.0596335
-0.00416456
0.0589027
-0.0029845
0.0584677
-0.00178056
-0.00056349
0.069736
-0.00760651
0.0674169
-0.00698045
0.0653243
-0.00630638
0.063475
-0.0055824
0.061885
-0.00480896
0.0605689
-0.00398976
0.0595381
-0.00313214
0.0588007
-0.00224567
0.0583614
-0.00134026
-0.000424207
0.0697036
-0.00506936
0.0673791
-0.00465393
0.065281
-0.00420607
0.0634257
-0.00372486
0.0618292
-0.0032103
0.0605062
-0.0026648
0.0594688
-0.00209294
0.0587259
-0.0015012
0.0582829
-0.00089614
-0.000283624
0.0696841
-0.00253211
0.0673578
-0.00232564
0.0652568
-0.00210291
0.0633974
-0.00186327
0.0617959
-0.00160674
0.0604674
-0.00133429
0.0594245
-0.00104837
0.058677
-0.000752074
0.058231
-0.000448976
-0.000141827
0.0696796
0.0673551
0.0652534
0.0633912
0.0617855
0.0604522
0.0594046
0.0586532
0.0582048
)
;

boundaryField
{
    down
    {
        type            symmetryPlane;
        value           uniform 0;
    }
    right
    {
        type            calculated;
        value           nonuniform List<scalar> 
30
(
0.0663516
0.0664281
0.0665776
0.0667932
0.067066
0.0673864
0.0677457
0.0681368
0.0685533
0.0689876
0.0634607
0.0638367
0.0642118
0.0645821
0.0649436
0.065293
0.0656274
0.0659441
0.0662412
0.0665169
0.06677
0.0669993
0.0672043
0.0673842
0.0675388
0.0676678
0.0677711
0.0678486
0.0679003
0.0679261
)
;
    }
    up
    {
        type            symmetryPlane;
        value           uniform 0;
    }
    left
    {
        type            calculated;
        value           nonuniform List<scalar> 
30
(
-0.0707107
-0.0707107
-0.0707107
-0.0707107
-0.0707107
-0.0707107
-0.0707107
-0.0707107
-0.0707107
-0.0707107
-0.0646446
-0.0646446
-0.0646446
-0.0646447
-0.0646446
-0.0646446
-0.0646446
-0.0646446
-0.0646447
-0.0646446
-0.0646446
-0.0646446
-0.0646446
-0.0646446
-0.0646446
-0.0646446
-0.0646447
-0.0646446
-0.0646446
-0.0646446
)
;
    }
    cylinder
    {
        type            symmetry;
        value           uniform 0;
    }
    defaultFaces
    {
        type            empty;
        value           nonuniform List<scalar> 0();
    }
}


// ************************************************************************* //
