/*--------------------------------*- C++ -*----------------------------------*\
| =========                 |                                                 |
| \\      /  F ield         | OpenFOAM: The Open Source CFD Toolbox           |
|  \\    /   O peration     | Version:  2112                                  |
|   \\  /    A nd           | Website:  www.openfoam.com                      |
|    \\/     M anipulation  |                                                 |
\*---------------------------------------------------------------------------*/
FoamFile
{
    version     2.0;
    format      ascii;
    arch        "LSB;label=32;scalar=64";
    class       volVectorField;
    location    "0";
    object      U;
}
// * * * * * * * * * * * * * * * * * * * * * * * * * * * * * * * * * * * * * //

dimensions      [0 1 -1 0 0 0 0];

internalField   nonuniform List<vector> 
2000
(
(1.12529 -0.9477 7.97515e-20)
(1.11369 -0.789056 0)
(1.10468 -0.666733 1.41087e-20)
(1.09757 -0.570395 1.2172e-26)
(1.09189 -0.493145 -4.10963e-20)
(1.08731 -0.430244 3.70846e-20)
(1.0836 -0.378355 -4.96257e-20)
(1.08058 -0.335066 -5.28499e-20)
(1.07811 -0.298564 0)
(1.07608 -0.267325 5.37693e-20)
(1.27379 -0.925097 8.50773e-20)
(1.23764 -0.77015 4.37488e-21)
(1.20974 -0.65071 0)
(1.18779 -0.55667 0)
(1.17022 -0.481286 0)
(1.15596 -0.419924 6.24347e-20)
(1.14424 -0.369317 -1.07309e-19)
(1.1345 -0.327112 -4.82982e-20)
(1.12634 -0.291575 1.09465e-19)
(1.11953 -0.261404 1.08241e-19)
(1.41699 -0.879619 9.04107e-20)
(1.35714 -0.732192 8.34685e-20)
(1.31102 -0.618572 0)
(1.27474 -0.529128 5.9366e-20)
(1.24571 -0.457434 3.67369e-20)
(1.22211 -0.399073 -3.7638e-20)
(1.20265 -0.350936 -4.3524e-20)
(1.18639 -0.310795 4.34448e-20)
(1.17259 -0.277046 1.67956e-19)
(1.16064 -0.248577 4.75023e-20)
(1.55135 -0.812349 9.47158e-20)
(1.46925 -0.676093 1.74668e-19)
(1.40601 -0.571095 0)
(1.3563 -0.48844 7.65255e-20)
(1.31652 -0.422177 5.79058e-20)
(1.2842 -0.368211 -1.66004e-20)
(1.25755 -0.323651 0)
(1.2353 -0.286398 3.83496e-20)
(1.21646 -0.254893 3.87482e-20)
(1.20026 -0.227921 0)
(1.67354 -0.724922 -4.94279e-20)
(1.57118 -0.603217 8.77552e-20)
(1.49239 -0.509439 -4.39537e-21)
(1.43047 -0.435613 1.10198e-20)
(1.38094 -0.376414 -2.56754e-20)
(1.34072 -0.328175 5.12501e-20)
(1.3076 -0.288296 1.54839e-20)
(1.28001 -0.254889 -1.81954e-20)
(1.25676 -0.22654 -4.89087e-20)
(1.23697 -0.202159 -3.16981e-21)
(1.78052 -0.619471 -5.1964e-20)
(1.66042 -0.515351 -2.47205e-21)
(1.568 -0.435126 -3.64509e-21)
(1.49539 -0.371966 -4.57011e-21)
(1.43735 -0.321308 -4.99542e-20)
(1.39024 -0.280011 6.40582e-20)
(1.3515 -0.245847 0)
(1.31929 -0.2172 5.38142e-22)
(1.29223 -0.192867 -3.49272e-20)
(1.26933 -0.171937 3.35697e-20)
(1.8696 -0.498593 0)
(1.73472 -0.414658 -4.83444e-20)
(1.63096 -0.349989 2.86935e-21)
(1.54947 -0.299073 -3.91323e-20)
(1.48434 -0.258232 4.07554e-20)
(1.43151 -0.22493 3.87861e-20)
(1.3881 -0.197373 -3.7834e-20)
(1.35205 -0.174261 3.63133e-20)
(1.32182 -0.154634 -1.09355e-20)
(1.29629 -0.137771 -4.69235e-20)
(1.93857 -0.365267 -2.70372e-22)
(1.79224 -0.303624 -4.91578e-20)
(1.67969 -0.256131 -2.07309e-21)
(1.59132 -0.218739 -2.67602e-20)
(1.52072 -0.188744 4.12745e-20)
(1.46346 -0.164285 3.37133e-21)
(1.41645 -0.144047 -3.82436e-20)
(1.37742 -0.127078 3.90541e-21)
(1.34472 -0.112678 3.20394e-20)
(1.31713 -0.100324 -3.46972e-20)
(1.98568 -0.222798 8.22716e-23)
(1.83153 -0.184993 -1.2471e-20)
(1.71298 -0.155867 0)
(1.61991 -0.132938 2.19655e-20)
(1.54557 -0.114546 0)
(1.48529 -0.0995528 9.0605e-21)
(1.43581 -0.0871516 -1.08599e-20)
(1.39474 -0.076761 0)
(1.36034 -0.0679529 9.22576e-21)
(1.33132 -0.0604081 8.92298e-21)
(2.00975 -0.0747161 0)
(1.8516 -0.0617033 -1.25411e-20)
(1.72999 -0.0516776 0)
(1.63452 -0.0437867 0)
(1.55826 -0.0374616 0)
(1.49644 -0.0323112 1.01262e-20)
(1.44568 -0.0280592 -9.78106e-21)
(1.40357 -0.0245067 2.07461e-22)
(1.3683 -0.021508 9.47318e-21)
(1.33853 -0.0189531 -9.2801e-21)
(0.101122 -0.0741427 0)
(0.25757 -0.0617803 5.54289e-22)
(0.377895 -0.0522274 0)
(0.472336 -0.0446901 0)
(0.547744 -0.0386362 0)
(0.60885 -0.0336998 -5.51356e-22)
(0.659005 -0.0296238 5.50487e-22)
(0.700643 -0.0262243 -4.7371e-21)
(0.735566 -0.023368 -5.52326e-21)
(0.765143 -0.0209587 5.72362e-21)
(0.124369 -0.220625 -6.61193e-22)
(0.277025 -0.183836 1.38917e-21)
(0.394422 -0.155409 0)
(0.486555 -0.132977 -2.81152e-21)
(0.560111 -0.114957 0)
(0.619701 -0.10026 -1.00676e-21)
(0.668593 -0.08812 9.50748e-22)
(0.709154 -0.0779878 0)
(0.743138 -0.0694644 -8.64354e-22)
(0.771863 -0.0622559 -1.63882e-21)
(0.170307 -0.361762 1.30725e-21)
(0.315467 -0.301426 9.94056e-21)
(0.427081 -0.254804 1.00062e-20)
(0.514658 -0.218011 3.00511e-20)
(0.584559 -0.188449 -8.66563e-21)
(0.641165 -0.164328 -1.61759e-20)
(0.687575 -0.144389 2.56713e-20)
(0.726035 -0.127729 -8.01827e-28)
(0.758206 -0.113691 1.17611e-20)
(0.785348 -0.101788 8.59831e-20)
(0.237845 -0.494135 0)
(0.371979 -0.411692 1.32043e-20)
(0.475092 -0.347992 -9.83359e-21)
(0.555982 -0.297719 -9.48942e-22)
(0.620525 -0.257314 -1.07082e-20)
(0.672764 -0.224327 -1.14178e-20)
(0.715554 -0.197031 9.72068e-21)
(0.750953 -0.174188 -1.07802e-20)
(0.780484 -0.1549 3.99515e-20)
(0.805296 -0.138512 4.87242e-20)
(0.325369 -0.614521 2.12725e-20)
(0.445206 -0.511948 6.51859e-21)
(0.537304 -0.432703 9.60406e-21)
(0.609539 -0.370161 1.20277e-20)
(0.667163 -0.319881 4.28603e-20)
(0.713784 -0.278803 3.52015e-21)
(0.751935 -0.244768 0)
(0.783435 -0.216222 1.40503e-21)
(0.809609 -0.192039 1.17317e-20)
(0.831447 -0.171402 6.52253e-20)
(0.430781 -0.719973 2.24978e-20)
(0.533381 -0.599741 -3.57718e-20)
(0.612212 -0.506871 9.31787e-21)
(0.674035 -0.433577 -2.33428e-20)
(0.723358 -0.374644 1.68849e-20)
(0.763267 -0.326468 1.40742e-20)
(0.795924 -0.286496 0)
(0.822858 -0.252876 -1.99029e-20)
(0.845157 -0.224256 -4.88597e-21)
(0.863582 -0.199643 -1.39571e-20)
(0.551544 -0.807893 -5.29645e-20)
(0.634368 -0.672911 -9.71864e-20)
(0.697985 -0.568676 0)
(0.747885 -0.486429 -4.36672e-20)
(0.787721 -0.420301 -1.56143e-20)
(0.819998 -0.36623 2.90836e-20)
(0.846474 -0.321324 0)
(0.868386 -0.283461 -6.71293e-20)
(0.886585 -0.251045 -7.33386e-20)
(0.90159 -0.222852 0)
(0.684732 -0.87609 -5.98892e-20)
(0.745707 -0.729643 -6.64842e-20)
(0.79252 -0.616592 -1.71518e-20)
(0.829249 -0.527423 -2.63737e-20)
(0.858612 -0.45576 -2.04112e-20)
(0.882483 -0.397192 0)
(0.902203 -0.348571 4.4035e-20)
(0.918757 -0.307567 0)
(0.932882 -0.272373 -1.48375e-19)
(0.94509 -0.241481 -7.06525e-20)
(0.827101 -0.922836 -6.50404e-20)
(0.864672 -0.768503 0)
(0.893486 -0.649413 0)
(0.916093 -0.555529 0)
(0.9342 -0.480136 0)
(0.948994 -0.418604 -5.06665e-20)
(0.961355 -0.367648 1.03933e-19)
(0.972002 -0.32487 6.09544e-20)
(0.981653 -0.288448 -1.08151e-19)
(0.991274 -0.256873 -1.12648e-19)
(0.975162 -0.94692 -7.33659e-20)
(0.988342 -0.788487 0)
(0.998395 -0.666283 -1.5226e-20)
(1.00626 -0.569996 1.12381e-26)
(1.01258 -0.492742 4.43534e-20)
(1.01778 -0.429794 -2.88495e-20)
(1.02217 -0.377839 5.35728e-20)
(1.02594 -0.334551 5.70591e-20)
(1.02917 -0.298378 0)
(1.03167 -0.268541 -4.73913e-20)
(0.789654 -0.0185604 5.33129e-21)
(0.811576 -0.0158441 -5.49212e-21)
(0.830413 -0.0135626 -5.62023e-21)
(0.84664 -0.0116368 0)
(0.860651 -0.0100074 0)
(0.872778 -0.00862654 5.91014e-21)
(0.883299 -0.00745425 1.19642e-20)
(0.892448 -0.00645541 1.20891e-20)
(0.900419 -0.00559854 1.21978e-20)
(0.907369 -0.00485566 6.14444e-21)
(0.913424 -0.00420303 -3.094e-21)
(0.918682 -0.00362083 -3.11184e-21)
(0.923218 -0.00309352 -3.42019e-24)
(0.927092 -0.00260869 3.14074e-21)
(0.930346 -0.00215699 3.15179e-21)
(0.933016 -0.00173078 -4.63854e-24)
(0.935125 -0.00132414 -1.58412e-21)
(0.936691 -0.000931704 -1.58677e-21)
(0.937725 -0.000548952 0)
(0.938232 -0.000171079 0)
(0.795446 -0.0552689 3.20277e-23)
(0.81632 -0.04724 0)
(0.834346 -0.0404555 -2.23869e-20)
(0.849931 -0.0347247 1.76398e-23)
(0.863434 -0.0298747 2.32464e-20)
(0.875163 -0.0257662 -2.16598e-23)
(0.885379 -0.0222804 2.85775e-23)
(0.894301 -0.0193108 -1.05052e-23)
(0.902106 -0.0167612 0)
(0.908936 -0.0145469 6.37435e-24)
(0.914903 -0.0125969 -1.64569e-24)
(0.920091 -0.0108533 0)
(0.92457 -0.00927121 6.25808e-21)
(0.928391 -0.00781519 -1.89656e-24)
(0.931596 -0.00645855 -6.30653e-21)
(0.93422 -0.0051795 -1.72533e-24)
(0.936287 -0.00396074 0)
(0.937818 -0.00278655 0)
(0.938825 -0.00164331 0)
(0.939317 -0.000516641 -2.27215e-23)
(0.807292 -0.0908208 1.70951e-23)
(0.826133 -0.0777549 -8.66405e-20)
(0.842512 -0.0666195 2.04405e-23)
(0.856767 -0.0572183 4.52562e-20)
(0.869211 -0.0492681 8.70671e-24)
(0.880113 -0.0425435 -2.35443e-20)
(0.8897 -0.0368449 -2.37234e-20)
(0.898155 -0.0319885 0)
(0.905617 -0.0278083 -1.52867e-23)
(0.912191 -0.0241624 0)
(0.917958 -0.020936 9.18947e-24)
(0.922983 -0.0180384 1.87065e-24)
(0.927319 -0.0154012 6.48962e-24)
(0.931009 -0.0129712 0)
(0.934095 -0.0107079 1.46768e-23)
(0.93661 -0.00857781 1.83728e-23)
(0.938581 -0.00655334 0)
(0.940033 -0.00460909 2.52149e-23)
(0.940981 -0.0027221 2.84442e-23)
(0.941438 -0.00086833 9.42086e-24)
(0.824978 -0.124458 0)
(0.840769 -0.10678 -1.51318e-22)
(0.854664 -0.0915281 4.37386e-20)
(0.866927 -0.0786858 -1.90755e-22)
(0.877807 -0.0678555 -4.54985e-20)
(0.887517 -0.058721 -6.82793e-23)
(0.896218 -0.0509862 4.20748e-23)
(0.904019 -0.0443765 0)
(0.91099 -0.0386537 2.41846e-20)
(0.917178 -0.0336252 2.43688e-20)
(0.922624 -0.0291435 -1.69507e-23)
(0.927366 -0.0250976 -2.48957e-20)
(0.931445 -0.0214049 -2.50108e-20)
(0.934903 -0.0180012 -1.25813e-20)
(0.937777 -0.0148361 2.55623e-23)
(0.940105 -0.0118664 1.2707e-20)
(0.941918 -0.00905441 6.37356e-21)
(0.943242 -0.00636475 6.40569e-21)
(0.944098 -0.00376465 3.15792e-21)
(0.9445 -0.00121996 3.23078e-21)
(0.848442 -0.155289 8.09234e-20)
(0.860171 -0.133663 0)
(0.870709 -0.114654 3.08494e-22)
(0.880349 -0.0987391 0)
(0.889241 -0.0853827 4.56024e-20)
(0.897487 -0.0741448 4.57752e-20)
(0.905112 -0.0646015 4.71269e-20)
(0.912093 -0.0563817 -1.39132e-22)
(0.918399 -0.0491911 2.29514e-22)
(0.924015 -0.0428107 -2.79042e-22)
(0.928948 -0.0370834 -4.90769e-20)
(0.933225 -0.0318931 2.24591e-23)
(0.936884 -0.0271526 0)
(0.939967 -0.0227907 2.52376e-20)
(0.942516 -0.0187478 2.53254e-20)
(0.944569 -0.0149699 1.27129e-20)
(0.946158 -0.0114079 -1.90116e-23)
(0.94731 -0.00801458 -6.45847e-21)
(0.948045 -0.00474626 3.07218e-21)
(0.948376 -0.00155805 -3.21253e-21)
(0.877572 -0.18229 7.97543e-20)
(0.884233 -0.157667 8.14038e-20)
(0.890578 -0.135493 3.77252e-22)
(0.89713 -0.117105 0)
(0.903804 -0.101725 -4.42282e-20)
(0.91043 -0.0887323 -9.05375e-20)
(0.916785 -0.0775742 5.7274e-22)
(0.922684 -0.0678275 4.69891e-20)
(0.928014 -0.0591955 0)
(0.932734 -0.051473 0)
(0.936854 -0.0445153 4.92912e-20)
(0.940407 -0.0382098 4.95278e-20)
(0.943437 -0.0324647 0)
(0.945989 -0.0271984 5.38845e-24)
(0.9481 -0.0223378 0)
(0.949803 -0.0178142 -2.67443e-23)
(0.951121 -0.0135643 0)
(0.952074 -0.00952723 -5.50198e-23)
(0.952672 -0.00564738 -6.82153e-23)
(0.952925 -0.00186875 0)
(0.912064 -0.20429 -6.17853e-22)
(0.912789 -0.177994 5.19981e-22)
(0.914476 -0.153769 -4.46536e-22)
(0.917908 -0.13377 3.78517e-22)
(0.922316 -0.116858 -3.20876e-22)
(0.927054 -0.102309 0)
(0.931666 -0.0895761 2.27707e-22)
(0.935911 -0.0782978 1.89161e-22)
(0.939704 -0.0682374 -4.78243e-20)
(0.943048 -0.0592229 -4.7861e-20)
(0.945978 -0.051118 -9.62805e-23)
(0.948534 -0.0438013 -7.12899e-23)
(0.950751 -0.0371641 4.86285e-23)
(0.952655 -0.0311047 -2.53154e-20)
(0.954261 -0.0255306 -2.54019e-20)
(0.955579 -0.0203556 8.69697e-24)
(0.956614 -0.0155006 0)
(0.957368 -0.0108918 -4.08976e-23)
(0.957837 -0.00646232 6.54291e-21)
(0.95802 -0.00214595 6.41843e-21)
(0.951003 -0.220409 -6.69288e-22)
(0.945826 -0.194187 0)
(0.943551 -0.169777 7.97168e-20)
(0.94412 -0.148816 8.18082e-20)
(0.945731 -0.130431 -3.64945e-22)
(0.947589 -0.11422 0)
(0.949387 -0.0998599 2.611e-22)
(0.951068 -0.0871093 2.17775e-22)
(0.952657 -0.0757707 -1.7924e-22)
(0.954182 -0.0656649 1.44886e-22)
(0.955656 -0.0566277 -1.14156e-22)
(0.957073 -0.0485059 -4.97171e-20)
(0.958412 -0.0411612 -9.99763e-20)
(0.959649 -0.0344678 -5.0344e-20)
(0.960757 -0.0283133 1.78364e-23)
(0.96171 -0.0225964 1.60503e-24)
(0.962484 -0.0172257 0)
(0.963061 -0.0121179 -1.30343e-20)
(0.963422 -0.00719812 -1.29717e-20)
(0.963555 -0.00239332 -7.0186e-23)
(0.991779 -0.2319 3.75143e-22)
(0.984003 -0.207507 0)
(0.979442 -0.183946 -7.81642e-20)
(0.97589 -0.161459 -7.86288e-20)
(0.972635 -0.141206 8.40177e-20)
(0.969879 -0.123322 8.47188e-20)
(0.967767 -0.107588 0)
(0.966326 -0.0937385 0)
(0.965498 -0.0815153 0)
(0.965182 -0.0706796 -1.02514e-22)
(0.965262 -0.0610191 0)
(0.965626 -0.0523462 0)
(0.966172 -0.0444982 -5.02006e-20)
(0.966814 -0.0373325 -5.03752e-20)
(0.967479 -0.030725 0)
(0.968106 -0.0245665 0)
(0.968647 -0.0187598 0)
(0.969067 -0.0132173 1.10351e-23)
(0.969336 -0.00786152 6.56271e-21)
(0.969437 -0.00261706 6.56462e-21)
(1.02413 -0.241344 3.90563e-22)
(1.01405 -0.218376 7.03438e-20)
(1.00501 -0.195088 7.08643e-20)
(0.996243 -0.171207 2.7225e-22)
(0.989265 -0.149436 8.07867e-20)
(0.984029 -0.13031 -2.47418e-21)
(0.980225 -0.113618 -1.71372e-19)
(0.977563 -0.0990198 2.22401e-21)
(0.975794 -0.0861862 9.00647e-20)
(0.974709 -0.0748299 -1.09375e-22)
(0.974135 -0.0647063 0)
(0.97393 -0.0556075 0)
(0.973978 -0.0473565 5.01201e-20)
(0.974186 -0.039802 -6.65219e-22)
(0.974478 -0.0328132 -2.52208e-20)
(0.974796 -0.0262771 2.57829e-20)
(0.975093 -0.0200934 0)
(0.975335 -0.0141735 -6.61331e-24)
(0.975499 -0.00843813 0)
(0.975569 -0.00281273 0)
(1.0517 -0.235582 0)
(1.03261 -0.213708 0)
(1.01605 -0.191984 0)
(1.00331 -0.170002 0)
(0.994549 -0.149532 0)
(0.988797 -0.131181 0)
(0.985119 -0.114929 0)
(0.982838 -0.100559 0)
(0.981494 -0.0878173 0)
(0.980774 -0.0764628 0)
(0.980463 -0.0662793 0)
(0.980412 -0.0570785 0)
(0.980517 -0.0486958 0)
(0.980705 -0.0409891 0)
(0.980926 -0.0338334 0)
(0.981147 -0.0271202 0)
(0.981344 -0.0207522 0)
(0.981504 -0.0146434 0)
(0.981615 -0.00871503 0)
(0.981671 -0.00289407 0)
(1.07469 -0.213604 0)
(1.05315 -0.195053 0)
(1.03598 -0.176893 0)
(1.02255 -0.158917 0)
(1.01245 -0.141745 0)
(1.00506 -0.125816 0)
(0.999731 -0.11128 0)
(0.995926 -0.0981152 0)
(0.99323 -0.086216 0)
(0.991339 -0.0754469 0)
(0.990025 -0.065666 0)
(0.989126 -0.0567368 0)
(0.98852 -0.0485324 0)
(0.988119 -0.0409371 0)
(0.987861 -0.0338461 0)
(0.987699 -0.0271645 0)
(0.987602 -0.0208059 0)
(0.987546 -0.0146914 0)
(0.987517 -0.00874767 0)
(0.987504 -0.00290488 0)
(1.09066 -0.189771 0)
(1.06932 -0.176011 0)
(1.05218 -0.161623 0)
(1.03846 -0.147032 0)
(1.02765 -0.132719 0)
(1.01926 -0.11906 0)
(1.01282 -0.106263 0)
(1.0079 -0.0944078 0)
(1.00416 -0.0834864 0)
(1.00132 -0.0734443 0)
(0.999173 -0.0642021 0)
(0.997546 -0.0556711 0)
(0.996316 -0.0477604 0)
(0.995391 -0.0403814 0)
(0.994699 -0.0334497 0)
(0.994187 -0.0268861 0)
(0.993817 -0.0206157 0)
(0.993562 -0.014569 0)
(0.993401 -0.00867933 0)
(0.993324 -0.00288283 0)
(1.10085 -0.167297 0)
(1.0813 -0.157599 0)
(1.06496 -0.146558 0)
(1.05146 -0.134871 0)
(1.04043 -0.123044 0)
(1.03152 -0.111443 0)
(1.02438 -0.100308 0)
(1.0187 -0.0897683 0)
(1.01419 -0.0798795 0)
(1.01062 -0.0706429 0)
(1.0078 -0.0620281 0)
(1.00557 -0.053986 0)
(1.00381 -0.0464575 0)
(1.00243 -0.039379 0)
(1.00136 -0.0326859 0)
(1.00053 -0.0263145 0)
(0.999919 -0.0202025 0)
(0.999482 -0.0142897 0)
(0.999203 -0.0085179 0)
(0.999066 -0.00283001 0)
(1.10751 -0.147375 0)
(1.09006 -0.140531 0)
(1.07491 -0.132141 0)
(1.06197 -0.122853 0)
(1.05108 -0.113144 0)
(1.042 -0.103364 0)
(1.03449 -0.0937572 0)
(1.02833 -0.0844802 0)
(1.02329 -0.0756217 0)
(1.01918 -0.0672209 0)
(1.01583 -0.0592825 0)
(1.01312 -0.0517882 0)
(1.01092 -0.0447052 0)
(1.00916 -0.0379916 0)
(1.00776 -0.0316009 0)
(1.00667 -0.0254838 0)
(1.00584 -0.0195902 0)
(1.00525 -0.0138697 0)
(1.00486 -0.00827266 0)
(1.00467 -0.00274937 0)
(1.11207 -0.129923 0)
(1.09654 -0.125011 0)
(1.08264 -0.118622 0)
(1.07045 -0.111257 0)
(1.05991 -0.103316 0)
(1.0509 -0.0951128 0)
(1.04327 -0.0868782 0)
(1.03684 -0.0787743 0)
(1.03145 -0.0709069 0)
(1.02696 -0.0633371 0)
(1.02323 -0.0560933 0)
(1.02014 -0.0491796 0)
(1.01761 -0.0425838 0)
(1.01553 -0.0362818 0)
(1.01386 -0.0302426 0)
(1.01254 -0.0244299 0)
(1.01153 -0.0188048 0)
(1.0108 -0.0133265 0)
(1.01032 -0.0079537 0)
(1.01009 -0.00264419 0)
(1.11527 -0.114534 0)
(1.10136 -0.110969 0)
(1.08867 -0.106081 0)
(1.07728 -0.100235 0)
(1.06722 -0.0937514 0)
(1.05844 -0.0868934 0)
(1.05083 -0.0798687 0)
(1.0443 -0.0728326 0)
(1.03873 -0.0658949 0)
(1.03399 -0.0591279 0)
(1.02999 -0.0525742 0)
(1.02663 -0.0462536 0)
(1.02382 -0.0401687 0)
(1.0215 -0.0343096 0)
(1.01962 -0.0286579 0)
(1.01811 -0.0231885 0)
(1.01695 -0.0178726 0)
(1.0161 -0.0126781 0)
(1.01554 -0.00757145 0)
(1.01527 -0.0025179 0)
(1.11751 -0.100839 0)
(1.10499 -0.0982476 0)
(1.09337 -0.0944969 0)
(1.08278 -0.0898518 0)
(1.07326 -0.0845607 0)
(1.06479 -0.0788405 0)
(1.05733 -0.0728706 0)
(1.05081 -0.0667924 0)
(1.04516 -0.0607121 0)
(1.04028 -0.0547053 0)
(1.03611 -0.0488222 0)
(1.03255 -0.0430919 0)
(1.02955 -0.0375277 0)
(1.02704 -0.0321302 0)
(1.02499 -0.0268908 0)
(1.02333 -0.0217939 0)
(1.02204 -0.0168189 0)
(1.0211 -0.0119418 0)
(1.02048 -0.00713612 0)
(1.02018 -0.00237385 0)
(1.11904 -0.0885525 0)
(1.10771 -0.086685 0)
(1.09706 -0.0838067 0)
(1.08722 -0.0801136 0)
(1.07823 -0.0757984 0)
(1.07013 -0.0710369 0)
(1.06288 -0.0659805 0)
(1.05646 -0.060754 0)
(1.05081 -0.0554555 0)
(1.04588 -0.0501591 0)
(1.0416 -0.0449171 0)
(1.03792 -0.0397641 0)
(1.03478 -0.03472 0)
(1.03214 -0.0297928 0)
(1.02995 -0.0249813 0)
(1.02818 -0.0202773 0)
(1.0268 -0.0156674 0)
(1.02578 -0.0111341 0)
(1.02511 -0.00665738 0)
(1.02478 -0.00221525 0)
(1.12005 -0.0774538 0)
(1.10973 -0.0761323 0)
(1.09995 -0.0739303 0)
(1.09079 -0.0709967 0)
(1.08233 -0.0674819 0)
(1.0746 -0.0635275 0)
(1.06761 -0.05926 0)
(1.06134 -0.0547871 0)
(1.05575 -0.0501967 0)
(1.05082 -0.0455581 0)
(1.0465 -0.0409228 0)
(1.04275 -0.0363274 0)
(1.03952 -0.0317953 0)
(1.03678 -0.0273395 0)
(1.0345 -0.0229641 0)
(1.03264 -0.0186666 0)
(1.03119 -0.0144392 0)
(1.03011 -0.0102699 0)
(1.0294 -0.00614403 0)
(1.02905 -0.00204499 0)
(1.12067 -0.0673677 0)
(1.11123 -0.0664591 0)
(1.1022 -0.0647848 0)
(1.09367 -0.0624604 0)
(1.0857 -0.0596043 0)
(1.07835 -0.0563308 0)
(1.07162 -0.0527445 0)
(1.06552 -0.0489371 0)
(1.06004 -0.0449859 0)
(1.05515 -0.0409534 0)
(1.05083 -0.0368885 0)
(1.04705 -0.0328271 0)
(1.04377 -0.0287942 0)
(1.04097 -0.0248056 0)
(1.03862 -0.020869 0)
(1.03671 -0.0169859 0)
(1.03519 -0.0131528 0)
(1.03408 -0.00936216 0)
(1.03334 -0.00560385 0)
(1.03297 -0.00186567 0)
(1.121 -0.0581495 0)
(1.11232 -0.0575507 0)
(1.10394 -0.0562888 0)
(1.09597 -0.054455 0)
(1.08846 -0.0521434 0)
(1.08146 -0.0494462 0)
(1.075 -0.0464495 0)
(1.0691 -0.0432306 0)
(1.06374 -0.039856 0)
(1.05892 -0.0363811 0)
(1.05463 -0.0328504 0)
(1.05084 -0.029298 0)
(1.04754 -0.0257488 0)
(1.04471 -0.0222196 0)
(1.04232 -0.0187204 0)
(1.04036 -0.0152552 0)
(1.03881 -0.0118238 0)
(1.03766 -0.00842211 0)
(1.0369 -0.00504353 0)
(1.03652 -0.00167952 0)
(1.12112 -0.0496752 0)
(1.11309 -0.0493045 0)
(1.10529 -0.0483643 0)
(1.09781 -0.0469269 0)
(1.09071 -0.0450676 0)
(1.08404 -0.0428606 0)
(1.07784 -0.0403764 0)
(1.07212 -0.0376794 0)
(1.06689 -0.034826 0)
(1.06216 -0.0318643 0)
(1.05791 -0.0288338 0)
(1.05415 -0.0257656 0)
(1.05085 -0.0226833 0)
(1.048 -0.0196037 0)
(1.04559 -0.0165375 0)
(1.0436 -0.0134907 0)
(1.04203 -0.010465 0)
(1.04086 -0.00745894 0)
(1.04008 -0.00446861 0)
(1.03969 -0.00148838 0)
(1.12111 -0.0418351 0)
(1.11363 -0.0416272 0)
(1.10632 -0.0409364 0)
(1.09927 -0.0398204 0)
(1.09253 -0.0383389 0)
(1.08616 -0.0365517 0)
(1.08019 -0.0345158 0)
(1.07465 -0.0322842 0)
(1.06955 -0.0299041 0)
(1.06491 -0.0274162 0)
(1.06073 -0.0248547 0)
(1.05699 -0.0222471 0)
(1.0537 -0.019615 0)
(1.05085 -0.0169741 0)
(1.04843 -0.0143352 0)
(1.04643 -0.011705 0)
(1.04484 -0.00908654 0)
(1.04366 -0.00648003 0)
(1.04287 -0.00388357 0)
(1.04248 -0.00129376 0)
(1.12101 -0.0345296 0)
(1.11399 -0.0344322 0)
(1.1071 -0.0339335 0)
(1.10041 -0.0330789 0)
(1.09398 -0.0319156 0)
(1.08787 -0.030491 0)
(1.0821 -0.0288507 0)
(1.07673 -0.0270374 0)
(1.07176 -0.0250897 0)
(1.06721 -0.0230415 0)
(1.06308 -0.0209215 0)
(1.05939 -0.0187532 0)
(1.05612 -0.0165555 0)
(1.05328 -0.0143424 0)
(1.05086 -0.0121242 0)
(1.04885 -0.00990757 0)
(1.04725 -0.00769607 0)
(1.04606 -0.00549102 0)
(1.04527 -0.00329189 0)
(1.04487 -0.00109682 0)
(1.12086 -0.0276664 0)
(1.11422 -0.027638 0)
(1.10768 -0.0272861 0)
(1.10129 -0.0266457 0)
(1.09512 -0.0257533 0)
(1.08922 -0.0246456 0)
(1.08364 -0.0233582 0)
(1.07841 -0.0219247 0)
(1.07355 -0.0203758 0)
(1.06908 -0.0187386 0)
(1.06501 -0.0170364 0)
(1.06136 -0.0152887 0)
(1.05812 -0.0135111 0)
(1.05529 -0.0117158 0)
(1.05287 -0.00991173 0)
(1.05086 -0.00810492 0)
(1.04926 -0.00629911 0)
(1.04806 -0.0044961 0)
(1.04726 -0.00269614 0)
(1.04687 -0.000898437 0)
(1.12071 -0.0211583 0)
(1.11437 -0.021167 0)
(1.10809 -0.020927 0)
(1.10194 -0.0204643 0)
(1.09598 -0.0198061 0)
(1.09026 -0.0189796 0)
(1.08483 -0.0180116 0)
(1.07971 -0.0169273 0)
(1.07495 -0.01575 0)
(1.07055 -0.0145005 0)
(1.06653 -0.0131968 0)
(1.06291 -0.011854 0)
(1.0597 -0.0104845 0)
(1.05688 -0.00909804 0)
(1.05447 -0.0077019 0)
(1.05246 -0.00630124 0)
(1.05086 -0.00489936 0)
(1.04966 -0.00349811 0)
(1.04886 -0.00209812 0)
(1.04846 -0.000699233 0)
(1.12057 -0.0149227 0)
(1.11446 -0.0149443 0)
(1.10838 -0.0147902 0)
(1.10241 -0.0144782 0)
(1.0966 -0.0140268 0)
(1.09101 -0.013455 0)
(1.08569 -0.0127811 0)
(1.08067 -0.0120228 0)
(1.07597 -0.0111964 0)
(1.07163 -0.0103166 0)
(1.06766 -0.0093962 0)
(1.06407 -0.00844596 0)
(1.06087 -0.00747484 0)
(1.05807 -0.00648993 0)
(1.05567 -0.00549661 0)
(1.05366 -0.00449877 0)
(1.05206 -0.003499 0)
(1.05086 -0.00249885 0)
(1.05006 -0.00149902 0)
(1.04966 -0.000499611 0)
(1.12047 -0.00887991 0)
(1.1145 -0.00889734 0)
(1.10856 -0.00881119 0)
(1.1027 -0.00863121 0)
(1.097 -0.00836788 0)
(1.09151 -0.00803211 0)
(1.08626 -0.00763477 0)
(1.0813 -0.00718624 0)
(1.07665 -0.00669621 0)
(1.07235 -0.00617339 0)
(1.0684 -0.00562542 0)
(1.06484 -0.00505883 0)
(1.06165 -0.004479 0)
(1.05886 -0.00389024 0)
(1.05646 -0.00329584 0)
(1.05446 -0.00269823 0)
(1.05286 -0.00209904 0)
(1.05166 -0.00149928 0)
(1.05086 -0.000899488 0)
(1.05046 -0.000299808 0)
(1.12042 -0.0029485 0)
(1.11452 -0.00295438 0)
(1.10864 -0.00292654 0)
(1.10285 -0.00286775 0)
(1.0972 -0.00278125 0)
(1.09175 -0.00267057 0)
(1.08654 -0.0025393 0)
(1.08161 -0.00239086 0)
(1.07699 -0.00222848 0)
(1.0727 -0.00205504 0)
(1.06877 -0.00187309 0)
(1.06522 -0.00168481 0)
(1.06204 -0.00149201 0)
(1.05925 -0.00129612 0)
(1.05686 -0.00109825 0)
(1.05486 -0.000899228 0)
(1.05326 -0.00069961 0)
(1.05206 -0.00049975 0)
(1.05126 -0.000299837 0)
(1.05086 -9.99413e-05 0)
(1.31243 -0.0163317 -1.3501e-21)
(1.30648 -0.0526954 1.10544e-21)
(1.29473 -0.0878611 1.57411e-21)
(1.27742 -0.121108 4.31647e-21)
(1.25482 -0.151783 8.47336e-21)
(1.22728 -0.179276 -6.95113e-20)
(1.19519 -0.202924 0)
(1.15912 -0.221576 0)
(1.12028 -0.231351 1.89359e-21)
(1.08057 -0.236475 1.82623e-21)
(1.29106 -0.0137139 2.19374e-22)
(1.28621 -0.0449581 0)
(1.27669 -0.0753338 1.50043e-20)
(1.26283 -0.104376 -2.13518e-21)
(1.24505 -0.131724 0)
(1.22377 -0.157074 -3.35175e-20)
(1.1992 -0.179898 4.09389e-20)
(1.17093 -0.198532 -3.95001e-21)
(1.13858 -0.208853 0)
(1.10362 -0.215789 -5.73628e-20)
(1.27262 -0.0115755 2.29393e-22)
(1.26868 -0.0386065 2.4494e-21)
(1.26093 -0.0650566 -1.5191e-21)
(1.24961 -0.0906086 -1.32765e-20)
(1.23495 -0.114951 4.17211e-21)
(1.21705 -0.137609 4.10941e-21)
(1.19569 -0.157552 4.29347e-20)
(1.17059 -0.172775 -4.57552e-20)
(1.14325 -0.18208 4.9521e-20)
(1.11563 -0.191815 -6.20873e-20)
(1.25656 -0.0098268 0)
(1.25332 -0.0333593 1.86142e-22)
(1.24688 -0.0564876 -1.22721e-20)
(1.23732 -0.0789303 -8.47501e-22)
(1.22466 -0.100275 0)
(1.20877 -0.119796 0)
(1.18954 -0.136324 4.01809e-21)
(1.16752 -0.148802 -4.39165e-20)
(1.14472 -0.158836 5.5586e-20)
(1.12222 -0.170326 1.89798e-21)
(1.24248 -0.00837888 0)
(1.23973 -0.0289463 -3.46965e-22)
(1.23418 -0.0491685 -4.02606e-21)
(1.2258 -0.0687303 1.32465e-20)
(1.21449 -0.087117 8.21159e-21)
(1.2002 -0.103558 2.00516e-20)
(1.18317 -0.11727 -3.99807e-21)
(1.16441 -0.128388 -3.93359e-21)
(1.14532 -0.139309 -4.83991e-20)
(1.12611 -0.151056 -5.32875e-20)
(1.23006 -0.00715547 -1.87679e-22)
(1.22765 -0.0251498 -2.07887e-21)
(1.22272 -0.0427777 -6.04085e-22)
(1.21519 -0.0596834 -2.05607e-21)
(1.205 -0.0753422 0)
(1.19226 -0.0891586 3.18886e-20)
(1.17748 -0.100888 0)
(1.16159 -0.111335 0)
(1.14532 -0.122436 -4.99881e-20)
(1.12848 -0.133545 -3.99532e-21)
(1.21909 -0.00610067 6.62701e-22)
(1.21692 -0.0218201 3.09138e-21)
(1.21245 -0.037121 3.64845e-21)
(1.20562 -0.0516384 2.03903e-21)
(1.19647 -0.06493 -3.81457e-21)
(1.18524 -0.0766645 5.31771e-21)
(1.17251 -0.0870056 3.9644e-21)
(1.15894 -0.0968917 3.91765e-21)
(1.14481 -0.107519 0)
(1.12986 -0.117612 1.01023e-19)
(1.2094 -0.00517821 -1.37197e-21)
(1.20743 -0.018864 -1.02258e-21)
(1.20335 -0.0320876 0)
(1.19716 -0.0445116 0)
(1.18898 -0.0558232 -1.22917e-20)
(1.17914 -0.0659299 -1.49748e-20)
(1.16813 -0.0751985 3.95054e-21)
(1.15638 -0.0844196 3.90999e-21)
(1.14391 -0.0941898 0)
(1.13056 -0.103169 4.25594e-21)
(1.20088 -0.00436634 -3.24479e-22)
(1.19908 -0.0162267 8.82199e-22)
(1.19535 -0.0276092 -2.02359e-21)
(1.18975 -0.0382294 -2.05078e-21)
(1.18247 -0.047905 -6.42743e-21)
(1.17383 -0.0567058 0)
(1.16423 -0.065043 1.10239e-20)
(1.15389 -0.0734786 -3.90244e-21)
(1.14277 -0.0822284 0)
(1.13078 -0.0901199 -4.68682e-20)
(1.19342 -0.0036521 8.52719e-22)
(1.19178 -0.0138734 1.91666e-21)
(1.18838 -0.0236331 0)
(1.18332 -0.0327087 -8.18913e-21)
(1.17683 -0.0410227 -5.0986e-21)
(1.1692 -0.0487287 -3.95557e-21)
(1.16072 -0.0561942 1.53665e-20)
(1.15149 -0.0637731 3.89511e-21)
(1.14148 -0.0714715 -1.93236e-21)
(1.13067 -0.0783459 -1.91392e-21)
(1.18693 -0.00302672 6.49188e-23)
(1.18544 -0.0117781 2.0077e-21)
(1.18235 -0.0201095 4.11654e-25)
(1.17779 -0.0278577 -1.99384e-21)
(1.17197 -0.0350158 9.88731e-21)
(1.16516 -0.0417628 0)
(1.15756 -0.0483886 -1.64543e-20)
(1.14923 -0.0550912 -3.88813e-21)
(1.14013 -0.0617754 0)
(1.13032 -0.0677151 0)
(1.18133 -0.00248271 -9.34173e-22)
(1.17998 -0.00991626 -9.9939e-22)
(1.17717 -0.0169872 -3.09399e-21)
(1.17304 -0.0235823 5.05584e-21)
(1.1678 -0.0297343 7.90538e-21)
(1.16164 -0.0356122 3.9311e-21)
(1.15474 -0.0414262 -1.67749e-20)
(1.14712 -0.0472689 8.97701e-21)
(1.13879 -0.0530057 0)
(1.12983 -0.0580922 0)
(1.17655 -0.00201257 9.9653e-22)
(1.17533 -0.00826317 9.95458e-22)
(1.17277 -0.0142148 -4.09249e-21)
(1.16901 -0.0197926 3.89398e-21)
(1.16423 -0.0250467 0)
(1.1586 -0.030119 0)
(1.15224 -0.0351513 3.89998e-21)
(1.14521 -0.0401709 2.84034e-20)
(1.13751 -0.0450354 1.07689e-20)
(1.12925 -0.0493441 -1.59548e-20)
(1.17251 -0.00160816 -4.48499e-23)
(1.1714 -0.00679302 2.55295e-22)
(1.16906 -0.0117414 -1.00314e-21)
(1.16561 -0.0164066 2.12277e-23)
(1.16121 -0.0208413 -6.93117e-21)
(1.156 -0.0251558 -3.64205e-21)
(1.15008 -0.029439 8.15999e-21)
(1.14351 -0.0336803 1.55158e-20)
(1.13633 -0.0377455 1.11383e-20)
(1.12866 -0.0413439 -4.29797e-21)
(1.16915 -0.00126106 9.4439e-22)
(1.16815 -0.00547997 1.46732e-21)
(1.16599 -0.00951932 -1.97451e-21)
(1.16279 -0.0133518 -7.58453e-22)
(1.15869 -0.0170249 -3.09491e-21)
(1.15381 -0.0206192 -7.66169e-21)
(1.14824 -0.0241855 4.39982e-21)
(1.14205 -0.0276937 3.86604e-21)
(1.13529 -0.0310253 2.62871e-21)
(1.12807 -0.0339717 5.51282e-21)
(1.16643 -0.0009625 9.87969e-22)
(1.16551 -0.00429862 1.20918e-21)
(1.16351 -0.00750395 -1.97037e-21)
(1.16052 -0.0105644 1.96467e-21)
(1.15665 -0.013519 6.82394e-21)
(1.15203 -0.016423 3.9003e-21)
(1.14673 -0.0193021 -3.88259e-21)
(1.14083 -0.0221184 -3.86236e-21)
(1.13439 -0.024772 4.71395e-21)
(1.12755 -0.0271154 -5.20228e-21)
(1.1643 -0.000704039 0)
(1.16345 -0.00322498 0)
(1.16157 -0.00565536 0)
(1.15874 -0.00798969 -2.96945e-22)
(1.15507 -0.0102574 -2.94662e-22)
(1.15064 -0.0124946 0)
(1.14555 -0.0147112 1.06654e-21)
(1.13986 -0.0168699 0)
(1.13367 -0.0188904 0)
(1.1271 -0.0206702 0)
(1.16273 -0.00047734 0)
(1.16193 -0.00223638 0)
(1.16015 -0.00393694 -1.96481e-21)
(1.15744 -0.00557919 -2.27304e-21)
(1.15391 -0.00718299 4.45439e-21)
(1.14963 -0.00877051 3.89287e-21)
(1.14469 -0.0103434 5.00098e-21)
(1.13915 -0.0118703 4.65492e-21)
(1.13314 -0.0132913 -1.91927e-21)
(1.12676 -0.0145377 -1.90843e-21)
(1.16168 -0.000274969 0)
(1.16093 -0.00131176 0)
(1.15922 -0.00231639 -1.96329e-21)
(1.15661 -0.00329071 1.9107e-21)
(1.15318 -0.00424606 7.60124e-21)
(1.149 -0.00519456 3.89106e-21)
(1.14415 -0.00613504 -4.04395e-21)
(1.13872 -0.00704628 -2.99418e-21)
(1.1328 -0.00789015 -2.1196e-22)
(1.12653 -0.00862547 0)
(1.16114 -8.97376e-05 0)
(1.16042 -0.000432668 1.96561e-21)
(1.15876 -0.000765294 2.13885e-25)
(1.15622 -0.00108804 -2.01339e-21)
(1.15286 -0.0014046 7.01339e-23)
(1.14875 -0.00171876 -3.89058e-21)
(1.14397 -0.00202967 -1.96506e-22)
(1.13858 -0.00232962 3.85636e-21)
(1.13269 -0.00260531 -2.16643e-21)
(1.12644 -0.00284274 -1.9081e-21)
(1.07925 0.274888 5.41663e-20)
(1.08143 0.305572 0)
(1.08403 0.341593 5.2584e-20)
(1.08717 0.384452 4.94026e-20)
(1.09099 0.435968 8.31126e-20)
(1.09569 0.498552 4.09456e-20)
(1.10152 0.575547 -1.22373e-26)
(1.10885 0.671704 -1.40643e-20)
(1.11819 0.793935 0)
(1.1303 0.952606 8.01311e-20)
(1.12179 0.268591 3.27015e-21)
(1.12891 0.298272 8.63557e-21)
(1.13732 0.33338 4.7954e-20)
(1.14728 0.37519 -1.72085e-20)
(1.1592 0.425439 6.27625e-20)
(1.17367 0.486477 0)
(1.19147 0.561576 0)
(1.21372 0.655371 0)
(1.24203 0.774613 -4.35361e-21)
(1.27879 0.929421 8.20853e-20)
(1.16229 0.255077 -4.70159e-20)
(1.17459 0.28324 7.76354e-20)
(1.18869 0.316669 -4.30538e-20)
(1.20522 0.35648 -8.44463e-20)
(1.22493 0.40429 3.73376e-20)
(1.24878 0.462331 1.04358e-19)
(1.2781 0.533714 8.863e-20)
(1.31473 0.622855 0)
(1.36132 0.736176 8.37745e-20)
(1.42183 0.883303 9.07387e-20)
(1.20152 0.233802 0)
(1.21804 0.260574 -4.14439e-20)
(1.23718 0.291844 -3.79339e-20)
(1.25971 0.328822 0)
(1.28662 0.373087 1.64339e-20)
(1.31922 0.426738 8.78237e-20)
(1.35931 0.492668 7.67841e-20)
(1.40939 0.574967 0)
(1.47311 0.679573 1.75216e-19)
(1.55587 0.815383 9.50107e-20)
(1.23796 0.207526 3.31533e-20)
(1.25802 0.231763 -8.361e-20)
(1.28153 0.259927 -5.10768e-20)
(1.30938 0.293099 -1.52878e-20)
(1.34275 0.332703 2.29806e-20)
(1.38325 0.380631 -5.12421e-20)
(1.43308 0.439476 -1.08889e-20)
(1.49536 0.512897 4.34399e-21)
(1.57462 0.6062 9.39226e-20)
(1.67761 0.727328 -4.95546e-20)
(1.27009 0.176881 3.97074e-21)
(1.29322 0.197699 0)
(1.3205 0.221878 -3.53691e-20)
(1.35294 0.250314 0)
(1.39191 0.284218 8.77269e-20)
(1.43926 0.325202 -2.89496e-20)
(1.49758 0.375486 4.62514e-20)
(1.57051 0.438198 3.59056e-21)
(1.66335 0.517874 2.43538e-21)
(1.784 0.621309 -5.01823e-20)
(1.29686 0.142378 -2.34267e-20)
(1.32257 0.159149 4.70228e-20)
(1.35297 0.178641 0)
(1.38921 0.201556 -3.78896e-20)
(1.4328 0.22886 3.88524e-20)
(1.48584 0.261845 4.08178e-20)
(1.55119 0.302295 -3.80363e-21)
(1.63296 0.352724 -2.81273e-21)
(1.73707 0.416786 -4.84198e-20)
(1.87241 0.499946 0)
(1.31753 0.104679 -1.75294e-20)
(1.34525 0.116954 4.02001e-20)
(1.37807 0.13123 -3.79851e-21)
(1.41723 0.14801 -3.82894e-20)
(1.46439 0.167998 1.66805e-20)
(1.52179 0.192134 4.13244e-20)
(1.59257 0.221722 -1.6535e-20)
(1.68115 0.258599 2.01518e-21)
(1.79396 0.305438 -4.92145e-20)
(1.94063 0.366241 -2.6287e-22)
(1.33156 0.0645975 8.93123e-21)
(1.36066 0.0720691 9.23008e-21)
(1.39513 0.0807593 0)
(1.43628 0.0909656 -8.68732e-21)
(1.48585 0.103117 2.10867e-20)
(1.54621 0.117784 1.05079e-20)
(1.62067 0.135756 2.19816e-20)
(1.71387 0.158151 0)
(1.83258 0.186591 -1.24789e-20)
(1.98694 0.223511 7.84706e-23)
(1.33861 0.023057 -9.25507e-21)
(1.3684 0.0255467 9.06659e-21)
(1.4037 0.0284299 -1.80932e-22)
(1.44584 0.0317985 -9.78411e-21)
(1.49662 0.0358007 0)
(1.55847 0.0406217 1.05497e-20)
(1.63477 0.0465209 0)
(1.73028 0.0538659 0)
(1.85196 0.0631908 -1.25442e-20)
(2.01017 0.0752981 0)
(0.775093 0.0216621 5.80084e-21)
(0.744597 0.0240102 4.47724e-21)
(0.708777 0.0268168 4.79203e-21)
(0.666269 0.030177 5.58085e-22)
(0.615241 0.034225 0)
(0.553241 0.039146 -5.58582e-22)
(0.476889 0.0451994 0)
(0.381416 0.0527545 0)
(0.259906 0.0623487 5.5937e-22)
(0.102023 0.0747847 0)
(0.7816 0.064325 -1.66801e-21)
(0.751996 0.0713562 -8.81844e-22)
(0.717157 0.0797338 0)
(0.67576 0.0897499 9.65568e-22)
(0.62603 0.101806 -2.68998e-21)
(0.56558 0.116456 -1.0874e-21)
(0.491117 0.134471 -2.8412e-21)
(0.397991 0.156953 0)
(0.279454 0.185505 1.40173e-21)
(0.125435 0.222524 -6.66851e-22)
(0.794676 0.105124 4.70708e-21)
(0.766736 0.116747 -2.76943e-20)
(0.733782 0.130554 8.14691e-28)
(0.694554 0.147028 -9.41681e-21)
(0.647371 0.16683 1.27221e-20)
(0.589971 0.190872 -8.76371e-21)
(0.519232 0.220422 -2.0232e-20)
(0.430741 0.257291 -1.00904e-20)
(0.318088 0.30411 1.00279e-20)
(0.171702 0.36482 1.3177e-21)
(0.814059 0.142972 -3.14503e-20)
(0.788555 0.159001 -4.79833e-20)
(0.75834 0.177987 0)
(0.722265 0.200584 9.85679e-21)
(0.678792 0.227698 -1.15552e-20)
(0.62585 0.260574 -1.08278e-20)
(0.560568 0.300957 1.14351e-20)
(0.478878 0.351322 9.90787e-21)
(0.374868 0.415271 1.33169e-20)
(0.239697 0.498192 0)
(0.839529 0.176811 -1.31358e-20)
(0.817125 0.19703 0)
(0.790383 0.220859 1.37291e-20)
(0.758315 0.249113 0)
(0.719587 0.282926 -5.91588e-20)
(0.672374 0.323863 -1.30355e-20)
(0.614131 0.374105 -2.68952e-20)
(0.541235 0.436742 -9.66615e-21)
(0.448412 0.516263 -6.55965e-21)
(0.327768 0.619376 1.63858e-20)
(0.870923 0.205806 6.22227e-20)
(0.852058 0.22997 6.88058e-20)
(0.829311 0.258202 5.00354e-20)
(0.801922 0.291494 0)
(0.768804 0.331211 -4.66003e-20)
(0.728424 0.379217 1.7052e-20)
(0.678617 0.438089 2.3466e-20)
(0.616288 0.511463 -9.3661e-21)
(0.536926 0.604609 -4.87733e-20)
(0.433771 0.725395 2.26646e-20)
(0.908173 0.229582 0)
(0.892844 0.257316 6.80473e-20)
(0.874309 0.289322 6.73791e-20)
(0.852055 0.326831 0)
(0.825235 0.371453 -2.91929e-20)
(0.792611 0.425324 -6.83326e-20)
(0.752431 0.49136 -4.40239e-20)
(0.702189 0.573657 0)
(0.638238 0.678137 -9.78852e-20)
(0.555117 0.813639 -5.33313e-20)
(0.950945 0.24862 7.07503e-20)
(0.938494 0.279052 -1.38284e-20)
(0.924125 0.313819 0)
(0.907334 0.354446 4.44561e-20)
(0.887384 0.402754 0)
(0.863292 0.461089 -7.079e-20)
(0.833724 0.532622 -6.97717e-20)
(0.796811 0.621796 1.71885e-20)
(0.749856 0.735032 -4.35522e-20)
(0.688835 0.88192 -6.02749e-20)
(0.996404 0.26433 2.11194e-20)
(0.986586 0.295411 1.97812e-20)
(0.976777 0.331376 -6.09242e-20)
(0.965998 0.373747 -9.9905e-21)
(0.953521 0.424361 -5.10632e-20)
(0.938629 0.485627 0)
(0.920448 0.560847 0)
(0.897804 0.654679 0)
(0.86903 0.773874 0)
(0.831639 0.928531 -6.54339e-20)
(1.03581 0.276238 -4.78542e-20)
(1.0333 0.305494 0)
(1.03005 0.341165 -5.68999e-20)
(1.02628 0.384016 -5.34455e-20)
(1.02189 0.435603 -7.85838e-20)
(1.01671 0.498254 -4.42768e-20)
(1.01044 0.575293 -1.13067e-26)
(1.00267 0.671465 1.52056e-20)
(0.99282 0.793683 0)
(0.980014 0.952301 -7.37585e-20)
(0.995274 0.00666549 0)
(0.988132 0.00350281 0)
(0.983132 0.00365171 1.66542e-21)
(0.977928 0.00383503 1.6566e-21)
(0.972475 0.00405366 -2.92922e-24)
(0.966725 0.00430961 -3.27762e-21)
(0.960628 0.00460643 -3.25428e-21)
(0.954129 0.00494955 -2.05036e-24)
(0.947165 0.0053469 3.20989e-21)
(0.93966 0.00580942 3.18277e-21)
(0.931523 0.00635177 -6.31038e-21)
(0.922643 0.00699268 -1.24984e-20)
(0.912881 0.00775537 -1.23657e-20)
(0.902069 0.00866708 -1.22161e-20)
(0.890003 0.00975909 -6.0266e-21)
(0.876437 0.0110661 0)
(0.861084 0.012628 0)
(0.843603 0.0144914 5.70933e-21)
(0.823596 0.0167139 5.57331e-21)
(0.800572 0.0193716 5.40438e-21)
(0.995451 0.0197084 8.37679e-24)
(0.988469 0.0104269 0)
(0.983554 0.0108765 0)
(0.978433 0.0114291 0)
(0.973062 0.0120879 3.87199e-24)
(0.967392 0.0128589 6.55184e-21)
(0.961376 0.0137526 2.19772e-24)
(0.954959 0.0147846 -6.45408e-21)
(0.948081 0.0159774 -7.32992e-24)
(0.940673 0.0173625 5.7792e-24)
(0.932653 0.0189819 9.97565e-24)
(0.923919 0.0208906 0)
(0.91435 0.0231578 -1.36324e-23)
(0.903792 0.0258661 3.71053e-23)
(0.892056 0.0291111 -2.69012e-23)
(0.878914 0.0329985 -2.35932e-20)
(0.864094 0.0376472 -1.8281e-23)
(0.847278 0.0431952 2.27281e-20)
(0.828097 0.0498109 0)
(0.806137 0.0576662 3.38592e-23)
(0.995803 0.0319019 9.9704e-24)
(0.989149 0.0171117 5.76442e-24)
(0.984408 0.0178678 4.31729e-24)
(0.979461 0.0187943 0)
(0.974265 0.0198979 5.22598e-25)
(0.968774 0.0211899 -1.85851e-24)
(0.962941 0.0226871 0)
(0.956714 0.0244142 -7.74305e-24)
(0.950036 0.0264051 -1.13498e-23)
(0.942847 0.0287075 9.43991e-24)
(0.935079 0.0313851 0)
(0.926655 0.0345241 -2.59222e-23)
(0.917481 0.0382359 0)
(0.907441 0.0426592 2.41951e-20)
(0.896383 0.0479583 2.37606e-20)
(0.884117 0.0543171 8.85677e-24)
(0.870404 0.0619371 -4.59418e-20)
(0.854964 0.0710449 -1.97168e-22)
(0.837468 0.0819222 8.75547e-20)
(0.817564 0.0947046 8.51932e-20)
(0.996313 0.0427406 -3.41048e-21)
(0.990145 0.0234171 -3.36242e-21)
(0.985656 0.024481 -6.67181e-21)
(0.98097 0.0257795 -6.63285e-21)
(0.976046 0.0273257 -1.31663e-20)
(0.970844 0.0291379 -3.63053e-23)
(0.965316 0.0312407 1.29698e-20)
(0.95941 0.0336677 2.5698e-20)
(0.953073 0.0364615 2.55566e-20)
(0.946248 0.0396799 -3.39663e-23)
(0.938883 0.0433992 -2.5012e-20)
(0.930923 0.0477253 -2.46779e-20)
(0.922315 0.0528 0)
(0.913 0.0588115 5.4497e-23)
(0.902898 0.0659947 -8.00585e-23)
(0.891891 0.0746248 4.6315e-20)
(0.87981 0.0850029 1.97063e-22)
(0.86643 0.0974531 -4.45426e-20)
(0.851484 0.112382 -1.60432e-22)
(0.83467 0.129678 3.68684e-22)
(0.996958 0.0518151 3.37384e-21)
(0.991426 0.0292367 -3.32575e-21)
(0.987248 0.030598 6.67017e-21)
(0.982895 0.032251 2.49508e-23)
(0.978336 0.0342183 -1.31259e-20)
(0.973537 0.0365296 -2.61063e-20)
(0.968455 0.0392214 -2.60122e-20)
(0.963039 0.0423385 0)
(0.957233 0.045933 1.42485e-22)
(0.950983 0.0500694 5.0161e-20)
(0.944236 0.0548282 1.2131e-22)
(0.93695 0.0603191 -1.18436e-22)
(0.929106 0.0666923 2.59522e-22)
(0.920705 0.0741601 -4.72075e-20)
(0.911767 0.0830114 -4.63913e-20)
(0.902305 0.0936163 -4.52674e-20)
(0.892291 0.106406 0)
(0.881619 0.121838 3.31825e-22)
(0.870126 0.140482 0)
(0.85744 0.161638 9.43852e-22)
(0.997713 0.0588318 -1.0868e-22)
(0.992949 0.034512 2.58535e-23)
(0.989109 0.0361456 3.17383e-23)
(0.985132 0.038113 0)
(0.981004 0.0404504 4.70614e-23)
(0.976706 0.0432047 -5.76598e-23)
(0.972206 0.0464303 0)
(0.967461 0.0501889 0)
(0.962422 0.054547 -5.03757e-20)
(0.957029 0.0595801 -5.01304e-20)
(0.951226 0.0653726 -1.35054e-22)
(0.944962 0.0720301 0)
(0.938216 0.0796891 -4.74653e-20)
(0.931012 0.0885462 -1.96218e-22)
(0.923449 0.09889 9.15261e-20)
(0.915704 0.111139 4.52248e-20)
(0.907997 0.12585 0)
(0.900505 0.143666 4.04023e-22)
(0.893325 0.165434 -8.10359e-20)
(0.885804 0.189518 -5.44836e-22)
(0.998552 0.0636122 -6.74271e-21)
(0.994675 0.0392382 -6.78256e-21)
(0.991163 0.0411091 5.8707e-23)
(0.987559 0.043327 0)
(0.983883 0.0459505 -7.56971e-23)
(0.980137 0.0490516 2.60089e-20)
(0.976311 0.0527076 2.59804e-20)
(0.972381 0.0570012 1.14062e-22)
(0.968318 0.0620188 -1.31388e-22)
(0.96408 0.0678552 -1.51501e-22)
(0.959619 0.0746108 4.86113e-20)
(0.954879 0.0823987 4.80321e-20)
(0.949811 0.0913464 2.32229e-22)
(0.944398 0.101616 2.67452e-22)
(0.938708 0.113433 0)
(0.932967 0.127151 -3.54873e-22)
(0.927627 0.143312 4.10047e-22)
(0.923346 0.162655 0)
(0.92095 0.186415 -8.82352e-24)
(0.919483 0.212113 0)
(0.999471 0.0660609 1.42548e-22)
(0.996595 0.0434708 1.33775e-20)
(0.993348 0.0455366 1.34717e-20)
(0.990072 0.0479112 0)
(0.986828 0.0507071 -9.15693e-23)
(0.983637 0.0540314 1.03089e-22)
(0.980507 0.0579823 5.13273e-20)
(0.977443 0.0626586 1.01638e-19)
(0.974449 0.0681641 5.01288e-20)
(0.971534 0.0746147 -1.73791e-22)
(0.9687 0.0821368 1.995e-22)
(0.96594 0.0908731 -2.29315e-22)
(0.963229 0.100977 2.63758e-22)
(0.960527 0.112617 3.03403e-22)
(0.957794 0.125979 0)
(0.955073 0.141294 -4.00981e-22)
(0.952657 0.158875 -8.11938e-20)
(0.951339 0.179114 -8.04564e-20)
(0.953008 0.202967 -6.10047e-22)
(0.95757 0.228535 0)
(1.00051 0.0660763 -6.85429e-21)
(0.998752 0.0473889 -6.75266e-21)
(0.995604 0.0495309 -6.61462e-23)
(0.992587 0.0519005 0)
(0.989765 0.0547314 0)
(0.987134 0.0581566 -8.09089e-23)
(0.984693 0.0622761 5.08508e-20)
(0.982465 0.0671882 5.06603e-20)
(0.980492 0.0729997 0)
(0.97884 0.0798363 0)
(0.977591 0.0878432 -1.31367e-22)
(0.976844 0.0971929 0)
(0.976703 0.108083 0)
(0.977262 0.12074 0)
(0.978572 0.13541 -8.48882e-20)
(0.980597 0.152346 -8.41692e-20)
(0.983187 0.17176 7.92075e-20)
(0.986115 0.19349 7.75975e-20)
(0.990142 0.216387 0)
(0.997387 0.240078 3.88896e-22)
(1.00191 0.0632719 -8.93105e-23)
(1.00132 0.0516649 0)
(0.997711 0.0531723 -7.22771e-23)
(0.994954 0.0552597 0)
(0.992629 0.0580032 -2.60904e-20)
(0.990589 0.0614606 2.53443e-20)
(0.988793 0.0656952 5.83735e-22)
(0.987253 0.0707865 -5.05703e-20)
(0.98601 0.076834 0)
(0.985138 0.0839627 0)
(0.984733 0.0923252 -1.38832e-22)
(0.984925 0.102109 -9.01645e-20)
(0.985877 0.113541 -2.29203e-21)
(0.987787 0.126892 1.71344e-19)
(0.990899 0.142477 2.52854e-21)
(0.995493 0.160624 -8.06858e-20)
(1.00188 0.181536 2.89647e-22)
(1.01008 0.20465 -7.12779e-20)
(1.01857 0.227184 -7.01217e-20)
(1.02814 0.249343 4.04041e-22)
(1.0013 0.0598974 0)
(1.00115 0.0553409 0)
(0.998567 0.0559622 0)
(0.996462 0.057664 0)
(0.994637 0.0602299 0)
(0.993009 0.0636079 0)
(0.991547 0.0678135 0)
(0.990257 0.0729009 0)
(0.989167 0.0789525 0)
(0.988337 0.0860772 0)
(0.987859 0.0944105 0)
(0.987876 0.104117 0)
(0.988595 0.115392 0)
(0.990326 0.128458 0)
(0.993529 0.143553 0)
(0.998882 0.160879 0)
(1.00733 0.180442 0)
(1.01985 0.201606 0)
(1.03627 0.222521 0)
(1.05517 0.243572 0)
(1.0004 0.058187 0)
(1.0004 0.0571589 0)
(0.999489 0.05761 0)
(0.998456 0.0591197 0)
(0.997511 0.0615091 0)
(0.996717 0.0647162 0)
(0.996108 0.0687393 0)
(0.995726 0.0736122 0)
(0.995625 0.0793942 0)
(0.995889 0.0861643 0)
(0.996632 0.0940192 0)
(0.998015 0.10307 0)
(1.00026 0.113435 0)
(1.00367 0.125231 0)
(1.00866 0.138545 0)
(1.01578 0.15338 0)
(1.02566 0.169569 0)
(1.03894 0.186645 0)
(1.05602 0.203958 0)
(1.07751 0.221712 0)
(1.00027 0.0575048 0)
(1.00058 0.0575017 0)
(1.00053 0.0582023 0)
(1.00036 0.0596986 0)
(1.00023 0.0619735 0)
(1.00024 0.0650117 0)
(1.00044 0.0688183 0)
(1.00091 0.0734179 0)
(1.00172 0.0788512 0)
(1.00296 0.0851706 0)
(1.00476 0.0924366 0)
(1.00729 0.100712 0)
(1.01076 0.110052 0)
(1.01544 0.120492 0)
(1.02168 0.13202 0)
(1.02991 0.144537 0)
(1.0406 0.157815 0)
(1.05424 0.171457 0)
(1.07134 0.184957 0)
(1.09266 0.197872 0)
(1.00039 0.0568285 0)
(1.0011 0.0571458 0)
(1.00169 0.0580034 0)
(1.00223 0.0595034 0)
(1.00282 0.0616792 0)
(1.00356 0.0645435 0)
(1.00451 0.0681091 0)
(1.00576 0.0723952 0)
(1.00738 0.0774275 0)
(1.00947 0.0832359 0)
(1.01217 0.0898506 0)
(1.01563 0.097295 0)
(1.02004 0.105577 0)
(1.02564 0.114673 0)
(1.03271 0.124511 0)
(1.04157 0.134941 0)
(1.05258 0.145704 0)
(1.06609 0.156415 0)
(1.08243 0.166548 0)
(1.10199 0.175387 0)
(1.00059 0.0558386 0)
(1.00175 0.0562546 0)
(1.00289 0.0571663 0)
(1.00404 0.0586366 0)
(1.00527 0.0607007 0)
(1.00667 0.0633786 0)
(1.0083 0.0666843 0)
(1.01023 0.0706312 0)
(1.01256 0.0752328 0)
(1.01538 0.0805006 0)
(1.01882 0.0864406 0)
(1.02302 0.0930469 0)
(1.02813 0.100293 0)
(1.03437 0.108119 0)
(1.04195 0.116419 0)
(1.0511 0.125016 0)
(1.06207 0.133651 0)
(1.07509 0.141956 0)
(1.09031 0.149439 0)
(1.10781 0.155436 0)
(1.00081 0.0544355 0)
(1.00243 0.0548708 0)
(1.00407 0.0557737 0)
(1.00576 0.0571787 0)
(1.00757 0.0591116 0)
(1.00955 0.0615889 0)
(1.01177 0.0646214 0)
(1.01431 0.0682159 0)
(1.01725 0.0723753 0)
(1.02068 0.0770967 0)
(1.02472 0.0823682 0)
(1.02948 0.0881631 0)
(1.03511 0.0944325 0)
(1.04176 0.101096 0)
(1.04961 0.108031 0)
(1.05881 0.115059 0)
(1.06952 0.121932 0)
(1.08187 0.128325 0)
(1.09591 0.133822 0)
(1.11157 0.137913 0)
(1.00103 0.0525988 0)
(1.00309 0.0530213 0)
(1.00519 0.0538805 0)
(1.00738 0.0551947 0)
(1.00968 0.0569797 0)
(1.01218 0.0592459 0)
(1.01492 0.0619985 0)
(1.01798 0.0652377 0)
(1.02144 0.0689577 0)
(1.02538 0.0731449 0)
(1.02989 0.0777747 0)
(1.03508 0.0828069 0)
(1.04107 0.0881801 0)
(1.04797 0.0938045 0)
(1.05591 0.099554 0)
(1.065 0.105258 0)
(1.07534 0.110697 0)
(1.08698 0.115592 0)
(1.0999 0.119615 0)
(1.11399 0.122393 0)
(1.00123 0.0503407 0)
(1.00371 0.050736 0)
(1.00624 0.051533 0)
(1.00886 0.0527409 0)
(1.01162 0.0543675 0)
(1.01456 0.0564173 0)
(1.01776 0.0588899 0)
(1.02127 0.0617796 0)
(1.02515 0.0650738 0)
(1.0295 0.0687514 0)
(1.03438 0.0727796 0)
(1.03989 0.0771106 0)
(1.04611 0.0816774 0)
(1.05314 0.0863885 0)
(1.06106 0.0911228 0)
(1.06995 0.0957255 0)
(1.07986 0.100005 0)
(1.09079 0.103734 0)
(1.10271 0.106656 0)
(1.1155 0.108499 0)
(1.00142 0.0476877 0)
(1.00428 0.0480492 0)
(1.0072 0.048775 0)
(1.01021 0.0498687 0)
(1.01336 0.0513326 0)
(1.0167 0.0531662 0)
(1.02028 0.0553646 0)
(1.02417 0.0579173 0)
(1.02841 0.060807 0)
(1.03308 0.0640076 0)
(1.03825 0.0674819 0)
(1.04398 0.0711789 0)
(1.05035 0.0750309 0)
(1.05741 0.0789496 0)
(1.06525 0.0828237 0)
(1.07388 0.0865163 0)
(1.08335 0.0898653 0)
(1.09363 0.0926857 0)
(1.10466 0.0947776 0)
(1.11635 0.0959396 0)
(1.00159 0.0446733 0)
(1.0048 0.0449985 0)
(1.00806 0.0456494 0)
(1.01142 0.0466263 0)
(1.01491 0.0479281 0)
(1.0186 0.0495505 0)
(1.02251 0.0514851 0)
(1.02671 0.0537182 0)
(1.03124 0.0562294 0)
(1.03617 0.05899 0)
(1.04155 0.0619613 0)
(1.04744 0.0650923 0)
(1.05388 0.0683176 0)
(1.06093 0.0715555 0)
(1.06863 0.0747061 0)
(1.07699 0.0776512 0)
(1.08603 0.0802548 0)
(1.0957 0.0823673 0)
(1.10597 0.0838317 0)
(1.11671 0.0844947 0)
(1.00175 0.0413338 0)
(1.00526 0.0416219 0)
(1.00883 0.0421976 0)
(1.01249 0.0430593 0)
(1.01628 0.0442031 0)
(1.02026 0.0456226 0)
(1.02445 0.0473071 0)
(1.02891 0.049241 0)
(1.03368 0.0514023 0)
(1.03882 0.0537618 0)
(1.04435 0.0562811 0)
(1.05034 0.0589113 0)
(1.05681 0.0615917 0)
(1.0638 0.0642486 0)
(1.07134 0.0667943 0)
(1.07943 0.0691277 0)
(1.08806 0.0711361 0)
(1.0972 0.072698 0)
(1.10679 0.0736892 0)
(1.11674 0.0739899 0)
(1.00188 0.0377063 0)
(1.00566 0.037958 0)
(1.0095 0.0384602 0)
(1.01342 0.0392101 0)
(1.01748 0.0402026 0)
(1.0217 0.0414298 0)
(1.02613 0.0428798 0)
(1.0308 0.0445363 0)
(1.03577 0.0463772 0)
(1.04105 0.0483738 0)
(1.0467 0.0504898 0)
(1.05275 0.05268 0)
(1.05922 0.0548893 0)
(1.06613 0.0570528 0)
(1.07351 0.0590946 0)
(1.08133 0.0609296 0)
(1.0896 0.0624644 0)
(1.09826 0.0636004 0)
(1.10726 0.0642383 0)
(1.11652 0.0642833 0)
(1.002 0.0338271 0)
(1.00601 0.0340436 0)
(1.01008 0.0344752 0)
(1.01423 0.0351185 0)
(1.0185 0.0359677 0)
(1.02294 0.0370142 0)
(1.02756 0.0382462 0)
(1.03241 0.0396472 0)
(1.03752 0.0411963 0)
(1.04293 0.0428665 0)
(1.04866 0.0446244 0)
(1.05474 0.0464294 0)
(1.06118 0.0482329 0)
(1.06801 0.0499785 0)
(1.07522 0.051602 0)
(1.0828 0.053032 0)
(1.09073 0.0541917 0)
(1.09898 0.0550014 0)
(1.10747 0.0553813 0)
(1.11615 0.0552555 0)
(1.0021 0.0297316 0)
(1.00631 0.0299146 0)
(1.01057 0.030279 0)
(1.01492 0.0308213 0)
(1.01937 0.0315357 0)
(1.02398 0.0324136 0)
(1.02876 0.0334436 0)
(1.03375 0.0346104 0)
(1.03898 0.0358945 0)
(1.04448 0.0372717 0)
(1.05026 0.0387121 0)
(1.05636 0.0401803 0)
(1.06277 0.0416344 0)
(1.0695 0.0430265 0)
(1.07656 0.0443028 0)
(1.08392 0.0454046 0)
(1.09157 0.0462693 0)
(1.09945 0.0468325 0)
(1.10751 0.0470303 0)
(1.11569 0.0468021 0)
(1.00218 0.0254532 0)
(1.00656 0.0256044 0)
(1.01099 0.0259053 0)
(1.01549 0.0263525 0)
(1.0201 0.0269404 0)
(1.02484 0.0276612 0)
(1.02976 0.0285045 0)
(1.03486 0.0294565 0)
(1.04018 0.0305 0)
(1.04575 0.0316138 0)
(1.05157 0.0327723 0)
(1.05766 0.0339454 0)
(1.06403 0.0350979 0)
(1.07068 0.0361903 0)
(1.0776 0.0371783 0)
(1.08477 0.0380145 0)
(1.09216 0.0386485 0)
(1.09974 0.0390291 0)
(1.10744 0.0391056 0)
(1.11521 0.0388298 0)
(1.00225 0.021024 0)
(1.00676 0.0211451 0)
(1.01132 0.0213859 0)
(1.01595 0.0217434 0)
(1.02068 0.0222126 0)
(1.02554 0.0227869 0)
(1.03056 0.023457 0)
(1.03575 0.0242114 0)
(1.04114 0.0250355 0)
(1.04675 0.0259115 0)
(1.0526 0.0268183 0)
(1.05868 0.0277313 0)
(1.06501 0.028622 0)
(1.07158 0.0294585 0)
(1.07838 0.0302059 0)
(1.08539 0.0308265 0)
(1.09258 0.0312812 0)
(1.0999 0.0315298 0)
(1.10731 0.0315329 0)
(1.11475 0.0312533 0)
(1.0023 0.016474 0)
(1.00692 0.0165665 0)
(1.01158 0.0167504 0)
(1.01631 0.017023 0)
(1.02114 0.0173805 0)
(1.02609 0.0178173 0)
(1.03118 0.018326 0)
(1.03644 0.0188972 0)
(1.04188 0.0195195 0)
(1.04753 0.0201788 0)
(1.05339 0.0208587 0)
(1.05946 0.0215398 0)
(1.06576 0.0222005 0)
(1.07226 0.0228162 0)
(1.07896 0.0233604 0)
(1.08584 0.0238048 0)
(1.09286 0.0241198 0)
(1.09999 0.0242755 0)
(1.10717 0.0242426 0)
(1.11433 0.023993 0)
(1.00234 0.011832 0)
(1.00704 0.0118972 0)
(1.01178 0.0120267 0)
(1.01658 0.0122185 0)
(1.02148 0.0124698 0)
(1.02649 0.0127763 0)
(1.03164 0.0131329 0)
(1.03694 0.0135326 0)
(1.04242 0.013967 0)
(1.04809 0.0144262 0)
(1.05396 0.0148982 0)
(1.06002 0.0153694 0)
(1.06629 0.0158243 0)
(1.07274 0.0162457 0)
(1.07937 0.016615 0)
(1.08615 0.0169124 0)
(1.09305 0.0171175 0)
(1.10003 0.0172095 0)
(1.10703 0.0171681 0)
(1.114 0.016974 0)
(1.00237 0.00712514 0)
(1.00712 0.00716431 0)
(1.0119 0.00724126 0)
(1.01676 0.00735518 0)
(1.0217 0.00750427 0)
(1.02675 0.00768606 0)
(1.03194 0.00789726 0)
(1.03727 0.00813373 0)
(1.04278 0.0083904 0)
(1.04846 0.0086612 0)
(1.05433 0.00893902 0)
(1.06039 0.00921567 0)
(1.06663 0.00948193 0)
(1.07305 0.00972762 0)
(1.07963 0.0099417 0)
(1.08635 0.0101125 0)
(1.09316 0.010228 0)
(1.10004 0.0102761 0)
(1.10693 0.0102453 0)
(1.11378 0.010125 0)
(1.00238 0.00237946 0)
(1.00716 0.00239267 0)
(1.01197 0.00241818 0)
(1.01684 0.00245595 0)
(1.02181 0.00250537 0)
(1.02688 0.00256561 0)
(1.03208 0.00263556 0)
(1.03744 0.00271383 0)
(1.04295 0.00279873 0)
(1.04864 0.00288823 0)
(1.05451 0.00297995 0)
(1.06057 0.00307118 0)
(1.0668 0.00315886 0)
(1.0732 0.0032396 0)
(1.07976 0.00330978 0)
(1.08644 0.00336553 0)
(1.09321 0.00340292 0)
(1.10004 0.00341798 0)
(1.10688 0.0034069 0)
(1.11367 0.00336711 0)
(1.08364 0.244586 -1.83129e-21)
(1.12277 0.239374 -1.89766e-21)
(1.16104 0.228708 0)
(1.19664 0.209226 0)
(1.22834 0.184898 -3.92271e-20)
(1.25558 0.156874 -3.96375e-20)
(1.27794 0.125799 -4.31785e-21)
(1.29507 0.092268 -2.80874e-21)
(1.30667 0.0569216 -1.10552e-21)
(1.31249 0.0204666 9.00971e-22)
(1.10611 0.224028 -5.684e-20)
(1.14044 0.216926 0)
(1.17227 0.205658 3.95394e-21)
(1.20013 0.186175 2.06513e-24)
(1.22439 0.162668 -4.12517e-20)
(1.24545 0.136792 0)
(1.26308 0.109051 2.13546e-21)
(1.27684 0.0797313 1.88581e-20)
(1.28629 0.049179 0)
(1.29109 0.0178496 1.91373e-22)
(1.11733 0.200107 -5.77302e-20)
(1.14441 0.190102 5.27315e-20)
(1.1714 0.179889 -4.5125e-20)
(1.1962 0.163825 0)
(1.21734 0.143186 -4.10986e-21)
(1.23509 0.119991 -4.17211e-21)
(1.24966 0.0952505 -8.80602e-21)
(1.26094 0.0694196 2.74784e-21)
(1.26867 0.042794 2.33647e-21)
(1.27261 0.0156794 2.01601e-22)
(1.12312 0.178615 -1.89935e-21)
(1.14523 0.166711 5.10286e-20)
(1.16779 0.155812 -5.11536e-20)
(1.18964 0.142538 -4.01793e-21)
(1.20874 0.125324 0)
(1.22455 0.10526 0)
(1.23718 0.0835102 -8.48134e-22)
(1.24675 0.0607852 -8.15539e-21)
(1.25324 0.0374804 1.8619e-22)
(1.25653 0.0138645 0)
(1.12625 0.159271 -5.25516e-20)
(1.1452 0.14698 -4.76702e-20)
(1.16416 0.135215 3.93222e-21)
(1.18287 0.123354 3.99654e-21)
(1.19986 0.108988 1.16581e-20)
(1.21414 0.0920117 -2.11214e-20)
(1.22548 0.0732192 8.86151e-21)
(1.23393 0.0533725 -7.53688e-25)
(1.23957 0.0329719 -4.43603e-21)
(1.24243 0.0123204 0)
(1.12791 0.141604 -4.01022e-21)
(1.14461 0.129861 -4.92505e-20)
(1.16085 0.117925 0)
(1.17677 0.106782 0)
(1.1916 0.0944392 3.13231e-20)
(1.20441 0.080109 -1.33925e-20)
(1.2147 0.0640511 2.05509e-21)
(1.22235 0.0468609 7.56242e-21)
(1.22743 0.0290537 2.07838e-21)
(1.22999 0.0109743 -1.61797e-22)
(1.12863 0.125437 9.94218e-20)
(1.14354 0.114661 0)
(1.15774 0.103211 -3.91306e-21)
(1.17141 0.0926636 -3.96023e-21)
(1.18428 0.0817501 -2.69241e-21)
(1.19566 0.0695302 -1.97423e-20)
(1.20497 0.0558536 -2.03771e-21)
(1.21197 0.0410565 3.53979e-21)
(1.21663 0.0255773 -3.09051e-21)
(1.21899 0.00977271 -1.35248e-21)
(1.1287 0.110685 4.26362e-21)
(1.14213 0.101006 0)
(1.15474 0.0904355 -3.90394e-21)
(1.16668 0.0805842 -3.94517e-21)
(1.17789 0.0707808 -1.47034e-20)
(1.18794 0.0602202 -1.09779e-21)
(1.19634 0.0485431 0)
(1.20276 0.0358491 0)
(1.20707 0.0224509 1.02225e-21)
(1.20928 0.00868096 7.2408e-22)
(1.12833 0.0972612 -4.60574e-20)
(1.14049 0.0886763 0)
(1.15184 0.0791623 3.89505e-21)
(1.16243 0.0701265 1.86017e-20)
(1.17231 0.061289 0)
(1.18122 0.0520661 -2.89008e-21)
(1.18878 0.042048 -5.96821e-21)
(1.19465 0.0311711 2.02229e-21)
(1.19866 0.0196206 0)
(1.20074 0.00767858 -2.79558e-22)
(1.12766 0.0850513 1.9087e-21)
(1.13875 0.0775074 1.92763e-21)
(1.14907 0.0690927 -3.88647e-21)
(1.15861 0.0609474 1.50852e-20)
(1.16743 0.0530151 3.94918e-21)
(1.17539 0.0449184 2.86195e-21)
(1.18221 0.0362869 -8.21758e-23)
(1.18759 0.0269711 0)
(1.1913 0.0170526 -1.00893e-21)
(1.19326 0.0067534 -1.14772e-21)
(1.1268 0.0739323 0)
(1.13698 0.0673591 0)
(1.14645 0.0600157 3.87835e-21)
(1.15517 0.0527852 3.90845e-21)
(1.16316 0.0457265 -1.04383e-20)
(1.17036 0.0386204 9.67905e-21)
(1.17654 0.0311709 1.99162e-21)
(1.18147 0.023201 -4.42433e-25)
(1.18492 0.014722 -2.00673e-21)
(1.18676 0.00589778 5.51819e-23)
(1.12583 0.0637738 0)
(1.13525 0.0580998 0)
(1.14403 0.0517669 1.64519e-20)
(1.15209 0.0454398 3.89862e-21)
(1.15944 0.0392292 -1.46652e-20)
(1.16602 0.0330242 -7.89275e-21)
(1.17168 0.0266079 1.00207e-21)
(1.17621 0.0198113 1.99145e-21)
(1.17941 0.0126056 9.98888e-22)
(1.18114 0.00510511 1.05791e-21)
(1.12484 0.0544503 -1.18069e-20)
(1.13362 0.049607 1.43226e-20)
(1.14184 0.0442134 2.01527e-20)
(1.14937 0.0387576 -3.88995e-21)
(1.15621 0.0333671 0)
(1.1623 0.028001 0)
(1.16754 0.0225107 5.05873e-21)
(1.17173 0.0167527 1.98398e-21)
(1.17471 0.0106803 -1.27329e-21)
(1.17634 0.00436933 -9.96342e-22)
(1.12386 0.0458392 -4.76241e-22)
(1.13214 0.0417654 1.47127e-20)
(1.13989 0.0372401 7.55641e-21)
(1.147 0.0326144 2.8599e-22)
(1.15345 0.0280145 0)
(1.15916 0.0234411 1.00063e-21)
(1.16405 0.0187992 5.07958e-21)
(1.16796 0.013976 0)
(1.17075 0.00892169 -4.83732e-23)
(1.17229 0.00368362 -3.78093e-23)
(1.12296 0.0378269 9.1863e-21)
(1.13082 0.0344689 1.91496e-21)
(1.1382 0.0307473 -3.85277e-21)
(1.14499 0.0269094 4.31163e-21)
(1.15112 0.0230705 3.89666e-21)
(1.15654 0.0192538 -3.02829e-21)
(1.16115 0.0154035 2.19254e-21)
(1.16484 0.011436 1.97248e-21)
(1.16746 0.00730615 -7.37996e-22)
(1.16892 0.00304156 -1.02991e-21)
(1.12216 0.0303054 -5.08914e-21)
(1.1297 0.0276185 0)
(1.1368 0.0246453 3.84852e-21)
(1.14334 0.0215565 3.87091e-21)
(1.14923 0.0184512 -3.89062e-21)
(1.15441 0.0153628 -8.79885e-21)
(1.15881 0.0122621 -2.95621e-21)
(1.16231 0.00909032 1.96828e-21)
(1.1648 0.00581028 -9.86558e-22)
(1.16619 0.0024363 -9.8776e-22)
(1.12149 0.0231748 0)
(1.1288 0.0211232 0)
(1.13569 0.0188539 0)
(1.14204 0.0164817 0)
(1.14775 0.0140871 0)
(1.15276 0.0117051 -2.94098e-22)
(1.15698 0.00932292 -2.87386e-22)
(1.16033 0.00690179 0)
(1.16272 0.00441256 0)
(1.16406 0.00186207 9.53216e-24)
(1.12098 0.0163408 1.89862e-21)
(1.12814 0.0148974 1.91077e-21)
(1.13488 0.0132988 -3.06847e-21)
(1.14109 0.0116186 -3.86411e-21)
(1.14667 0.00991789 -3.88275e-21)
(1.15155 0.0082262 -3.36081e-21)
(1.15565 0.00654054 1.65127e-21)
(1.15888 0.00483629 1.96263e-21)
(1.16118 0.00309311 0)
(1.16248 0.00131276 1.04455e-23)
(1.12065 0.00971569 0)
(1.12772 0.00886145 -2.04191e-22)
(1.13438 0.0079112 4.6886e-21)
(1.14051 0.00690818 3.6994e-21)
(1.146 0.00589078 -3.88085e-21)
(1.15079 0.00487978 -8.0015e-21)
(1.15479 0.00387532 -2.00092e-21)
(1.15794 0.00286419 1.9611e-21)
(1.16017 0.0018333 0)
(1.16143 0.00078365 0)
(1.12051 0.00320653 1.89805e-21)
(1.12757 0.00293026 1.6657e-21)
(1.13422 0.00261965 -3.84155e-21)
(1.14031 0.00228978 -1.94664e-22)
(1.14575 0.00195337 3.88037e-21)
(1.15046 0.00161885 6.92523e-23)
(1.15439 0.00128592 1.90076e-21)
(1.15747 0.000951341 -2.15517e-25)
(1.15966 0.000609723 -1.96431e-21)
(1.16089 0.000262656 0)
)
;

boundaryField
{
    down
    {
        type            symmetryPlane;
    }
    right
    {
        type            zeroGradient;
    }
    up
    {
        type            symmetryPlane;
    }
    left
    {
        type            uniformFixedValue;
        uniformValue    constant (1 0 0);
        value           uniform (1 0 0);
    }
    cylinder
    {
        type            symmetry;
    }
    defaultFaces
    {
        type            empty;
    }
}


// ************************************************************************* //
