/*--------------------------------*- C++ -*----------------------------------*\
| =========                 |                                                 |
| \\      /  F ield         | OpenFOAM: The Open Source CFD Toolbox           |
|  \\    /   O peration     | Version:  2112                                  |
|   \\  /    A nd           | Website:  www.openfoam.com                      |
|    \\/     M anipulation  |                                                 |
\*---------------------------------------------------------------------------*/
FoamFile
{
    version     2.0;
    format      ascii;
    arch        "LSB;label=32;scalar=64";
    note        "nPoints:4222  nCells:2000  nFaces:8110  nInternalFaces:3890";
    class       labelList;
    location    "constant/polyMesh";
    object      neighbour;
}
// * * * * * * * * * * * * * * * * * * * * * * * * * * * * * * * * * * * * * //


3890
(
1
10
190
2
11
191
3
12
192
4
13
193
5
14
194
6
15
195
7
16
196
8
17
197
9
18
198
19
199
809
11
20
12
21
13
22
14
23
15
24
16
25
17
26
18
27
19
28
29
808
21
30
22
31
23
32
24
33
25
34
26
35
27
36
28
37
29
38
39
807
31
40
32
41
33
42
34
43
35
44
36
45
37
46
38
47
39
48
49
806
41
50
42
51
43
52
44
53
45
54
46
55
47
56
48
57
49
58
59
805
51
60
52
61
53
62
54
63
55
64
56
65
57
66
58
67
59
68
69
804
61
70
62
71
63
72
64
73
65
74
66
75
67
76
68
77
69
78
79
803
71
80
72
81
73
82
74
83
75
84
76
85
77
86
78
87
79
88
89
802
81
90
82
91
83
92
84
93
85
94
86
95
87
96
88
97
89
98
99
801
91
1099
92
1098
93
1097
94
1096
95
1095
96
1094
97
1093
98
1092
99
1091
800
1090
101
110
102
111
103
112
104
113
105
114
106
115
107
116
108
117
109
118
119
200
111
120
112
121
113
122
114
123
115
124
116
125
117
126
118
127
119
128
129
220
121
130
122
131
123
132
124
133
125
134
126
135
127
136
128
137
129
138
139
240
131
140
132
141
133
142
134
143
135
144
136
145
137
146
138
147
139
148
149
260
141
150
142
151
143
152
144
153
145
154
146
155
147
156
148
157
149
158
159
280
151
160
152
161
153
162
154
163
155
164
156
165
157
166
158
167
159
168
169
300
161
170
162
171
163
172
164
173
165
174
166
175
167
176
168
177
169
178
179
320
171
180
172
181
173
182
174
183
175
184
176
185
177
186
178
187
179
188
189
340
181
190
182
191
183
192
184
193
185
194
186
195
187
196
188
197
189
198
199
360
191
192
193
194
195
196
197
198
199
380
201
220
202
221
203
222
204
223
205
224
206
225
207
226
208
227
209
228
210
229
211
230
212
231
213
232
214
233
215
234
216
235
217
236
218
237
219
238
239
221
240
222
241
223
242
224
243
225
244
226
245
227
246
228
247
229
248
230
249
231
250
232
251
233
252
234
253
235
254
236
255
237
256
238
257
239
258
259
241
260
242
261
243
262
244
263
245
264
246
265
247
266
248
267
249
268
250
269
251
270
252
271
253
272
254
273
255
274
256
275
257
276
258
277
259
278
279
261
280
262
281
263
282
264
283
265
284
266
285
267
286
268
287
269
288
270
289
271
290
272
291
273
292
274
293
275
294
276
295
277
296
278
297
279
298
299
281
300
282
301
283
302
284
303
285
304
286
305
287
306
288
307
289
308
290
309
291
310
292
311
293
312
294
313
295
314
296
315
297
316
298
317
299
318
319
301
320
302
321
303
322
304
323
305
324
306
325
307
326
308
327
309
328
310
329
311
330
312
331
313
332
314
333
315
334
316
335
317
336
318
337
319
338
339
321
340
322
341
323
342
324
343
325
344
326
345
327
346
328
347
329
348
330
349
331
350
332
351
333
352
334
353
335
354
336
355
337
356
338
357
339
358
359
341
360
342
361
343
362
344
363
345
364
346
365
347
366
348
367
349
368
350
369
351
370
352
371
353
372
354
373
355
374
356
375
357
376
358
377
359
378
379
361
380
362
381
363
382
364
383
365
384
366
385
367
386
368
387
369
388
370
389
371
390
372
391
373
392
374
393
375
394
376
395
377
396
378
397
379
398
399
381
400
382
401
383
402
384
403
385
404
386
405
387
406
388
407
389
408
390
409
391
410
392
411
393
412
394
413
395
414
396
415
397
416
398
417
399
418
419
401
420
809
402
421
403
422
404
423
405
424
406
425
407
426
408
427
409
428
410
429
411
430
412
431
413
432
414
433
415
434
416
435
417
436
418
437
419
438
439
421
440
819
422
441
423
442
424
443
425
444
426
445
427
446
428
447
429
448
430
449
431
450
432
451
433
452
434
453
435
454
436
455
437
456
438
457
439
458
459
441
460
829
442
461
443
462
444
463
445
464
446
465
447
466
448
467
449
468
450
469
451
470
452
471
453
472
454
473
455
474
456
475
457
476
458
477
459
478
479
461
480
839
462
481
463
482
464
483
465
484
466
485
467
486
468
487
469
488
470
489
471
490
472
491
473
492
474
493
475
494
476
495
477
496
478
497
479
498
499
481
500
849
482
501
483
502
484
503
485
504
486
505
487
506
488
507
489
508
490
509
491
510
492
511
493
512
494
513
495
514
496
515
497
516
498
517
499
518
519
501
520
859
502
521
503
522
504
523
505
524
506
525
507
526
508
527
509
528
510
529
511
530
512
531
513
532
514
533
515
534
516
535
517
536
518
537
519
538
539
521
540
869
522
541
523
542
524
543
525
544
526
545
527
546
528
547
529
548
530
549
531
550
532
551
533
552
534
553
535
554
536
555
537
556
538
557
539
558
559
541
560
879
542
561
543
562
544
563
545
564
546
565
547
566
548
567
549
568
550
569
551
570
552
571
553
572
554
573
555
574
556
575
557
576
558
577
559
578
579
561
580
889
562
581
563
582
564
583
565
584
566
585
567
586
568
587
569
588
570
589
571
590
572
591
573
592
574
593
575
594
576
595
577
596
578
597
579
598
599
581
600
899
582
601
583
602
584
603
585
604
586
605
587
606
588
607
589
608
590
609
591
610
592
611
593
612
594
613
595
614
596
615
597
616
598
617
599
618
619
601
620
909
602
621
603
622
604
623
605
624
606
625
607
626
608
627
609
628
610
629
611
630
612
631
613
632
614
633
615
634
616
635
617
636
618
637
619
638
639
621
640
919
622
641
623
642
624
643
625
644
626
645
627
646
628
647
629
648
630
649
631
650
632
651
633
652
634
653
635
654
636
655
637
656
638
657
639
658
659
641
660
929
642
661
643
662
644
663
645
664
646
665
647
666
648
667
649
668
650
669
651
670
652
671
653
672
654
673
655
674
656
675
657
676
658
677
659
678
679
661
680
939
662
681
663
682
664
683
665
684
666
685
667
686
668
687
669
688
670
689
671
690
672
691
673
692
674
693
675
694
676
695
677
696
678
697
679
698
699
681
700
949
682
701
683
702
684
703
685
704
686
705
687
706
688
707
689
708
690
709
691
710
692
711
693
712
694
713
695
714
696
715
697
716
698
717
699
718
719
701
720
959
702
721
703
722
704
723
705
724
706
725
707
726
708
727
709
728
710
729
711
730
712
731
713
732
714
733
715
734
716
735
717
736
718
737
719
738
739
721
740
969
722
741
723
742
724
743
725
744
726
745
727
746
728
747
729
748
730
749
731
750
732
751
733
752
734
753
735
754
736
755
737
756
738
757
739
758
759
741
760
979
742
761
743
762
744
763
745
764
746
765
747
766
748
767
749
768
750
769
751
770
752
771
753
772
754
773
755
774
756
775
757
776
758
777
759
778
779
761
780
989
762
781
763
782
764
783
765
784
766
785
767
786
768
787
769
788
770
789
771
790
772
791
773
792
774
793
775
794
776
795
777
796
778
797
779
798
799
781
999
782
783
784
785
786
787
788
789
790
791
792
793
794
795
796
797
798
799
801
810
1809
802
811
803
812
804
813
805
814
806
815
807
816
808
817
809
818
819
811
820
1819
812
821
813
822
814
823
815
824
816
825
817
826
818
827
819
828
829
821
830
1829
822
831
823
832
824
833
825
834
826
835
827
836
828
837
829
838
839
831
840
1839
832
841
833
842
834
843
835
844
836
845
837
846
838
847
839
848
849
841
850
1849
842
851
843
852
844
853
845
854
846
855
847
856
848
857
849
858
859
851
860
1859
852
861
853
862
854
863
855
864
856
865
857
866
858
867
859
868
869
861
870
1869
862
871
863
872
864
873
865
874
866
875
867
876
868
877
869
878
879
871
880
1879
872
881
873
882
874
883
875
884
876
885
877
886
878
887
879
888
889
881
890
1889
882
891
883
892
884
893
885
894
886
895
887
896
888
897
889
898
899
891
900
1899
892
901
893
902
894
903
895
904
896
905
897
906
898
907
899
908
909
901
910
1909
902
911
903
912
904
913
905
914
906
915
907
916
908
917
909
918
919
911
920
1919
912
921
913
922
914
923
915
924
916
925
917
926
918
927
919
928
929
921
930
1929
922
931
923
932
924
933
925
934
926
935
927
936
928
937
929
938
939
931
940
1939
932
941
933
942
934
943
935
944
936
945
937
946
938
947
939
948
949
941
950
1949
942
951
943
952
944
953
945
954
946
955
947
956
948
957
949
958
959
951
960
1959
952
961
953
962
954
963
955
964
956
965
957
966
958
967
959
968
969
961
970
1969
962
971
963
972
964
973
965
974
966
975
967
976
968
977
969
978
979
971
980
1979
972
981
973
982
974
983
975
984
976
985
977
986
978
987
979
988
989
981
990
1989
982
991
983
992
984
993
985
994
986
995
987
996
988
997
989
998
999
991
1999
992
993
994
995
996
997
998
999
1001
1010
1190
1800
1002
1011
1191
1003
1012
1192
1004
1013
1193
1005
1014
1194
1006
1015
1195
1007
1016
1196
1008
1017
1197
1009
1018
1198
1019
1199
1011
1020
1801
1012
1021
1013
1022
1014
1023
1015
1024
1016
1025
1017
1026
1018
1027
1019
1028
1029
1021
1030
1802
1022
1031
1023
1032
1024
1033
1025
1034
1026
1035
1027
1036
1028
1037
1029
1038
1039
1031
1040
1803
1032
1041
1033
1042
1034
1043
1035
1044
1036
1045
1037
1046
1038
1047
1039
1048
1049
1041
1050
1804
1042
1051
1043
1052
1044
1053
1045
1054
1046
1055
1047
1056
1048
1057
1049
1058
1059
1051
1060
1805
1052
1061
1053
1062
1054
1063
1055
1064
1056
1065
1057
1066
1058
1067
1059
1068
1069
1061
1070
1806
1062
1071
1063
1072
1064
1073
1065
1074
1066
1075
1067
1076
1068
1077
1069
1078
1079
1071
1080
1807
1072
1081
1073
1082
1074
1083
1075
1084
1076
1085
1077
1086
1078
1087
1079
1088
1089
1081
1090
1808
1082
1091
1083
1092
1084
1093
1085
1094
1086
1095
1087
1096
1088
1097
1089
1098
1099
1091
1809
1092
1093
1094
1095
1096
1097
1098
1099
1101
1110
1219
1102
1111
1103
1112
1104
1113
1105
1114
1106
1115
1107
1116
1108
1117
1109
1118
1119
1111
1120
1239
1112
1121
1113
1122
1114
1123
1115
1124
1116
1125
1117
1126
1118
1127
1119
1128
1129
1121
1130
1259
1122
1131
1123
1132
1124
1133
1125
1134
1126
1135
1127
1136
1128
1137
1129
1138
1139
1131
1140
1279
1132
1141
1133
1142
1134
1143
1135
1144
1136
1145
1137
1146
1138
1147
1139
1148
1149
1141
1150
1299
1142
1151
1143
1152
1144
1153
1145
1154
1146
1155
1147
1156
1148
1157
1149
1158
1159
1151
1160
1319
1152
1161
1153
1162
1154
1163
1155
1164
1156
1165
1157
1166
1158
1167
1159
1168
1169
1161
1170
1339
1162
1171
1163
1172
1164
1173
1165
1174
1166
1175
1167
1176
1168
1177
1169
1178
1179
1171
1180
1359
1172
1181
1173
1182
1174
1183
1175
1184
1176
1185
1177
1186
1178
1187
1179
1188
1189
1181
1190
1379
1182
1191
1183
1192
1184
1193
1185
1194
1186
1195
1187
1196
1188
1197
1189
1198
1199
1191
1399
1192
1193
1194
1195
1196
1197
1198
1199
1201
1220
1202
1221
1203
1222
1204
1223
1205
1224
1206
1225
1207
1226
1208
1227
1209
1228
1210
1229
1211
1230
1212
1231
1213
1232
1214
1233
1215
1234
1216
1235
1217
1236
1218
1237
1219
1238
1239
1221
1240
1222
1241
1223
1242
1224
1243
1225
1244
1226
1245
1227
1246
1228
1247
1229
1248
1230
1249
1231
1250
1232
1251
1233
1252
1234
1253
1235
1254
1236
1255
1237
1256
1238
1257
1239
1258
1259
1241
1260
1242
1261
1243
1262
1244
1263
1245
1264
1246
1265
1247
1266
1248
1267
1249
1268
1250
1269
1251
1270
1252
1271
1253
1272
1254
1273
1255
1274
1256
1275
1257
1276
1258
1277
1259
1278
1279
1261
1280
1262
1281
1263
1282
1264
1283
1265
1284
1266
1285
1267
1286
1268
1287
1269
1288
1270
1289
1271
1290
1272
1291
1273
1292
1274
1293
1275
1294
1276
1295
1277
1296
1278
1297
1279
1298
1299
1281
1300
1282
1301
1283
1302
1284
1303
1285
1304
1286
1305
1287
1306
1288
1307
1289
1308
1290
1309
1291
1310
1292
1311
1293
1312
1294
1313
1295
1314
1296
1315
1297
1316
1298
1317
1299
1318
1319
1301
1320
1302
1321
1303
1322
1304
1323
1305
1324
1306
1325
1307
1326
1308
1327
1309
1328
1310
1329
1311
1330
1312
1331
1313
1332
1314
1333
1315
1334
1316
1335
1317
1336
1318
1337
1319
1338
1339
1321
1340
1322
1341
1323
1342
1324
1343
1325
1344
1326
1345
1327
1346
1328
1347
1329
1348
1330
1349
1331
1350
1332
1351
1333
1352
1334
1353
1335
1354
1336
1355
1337
1356
1338
1357
1339
1358
1359
1341
1360
1342
1361
1343
1362
1344
1363
1345
1364
1346
1365
1347
1366
1348
1367
1349
1368
1350
1369
1351
1370
1352
1371
1353
1372
1354
1373
1355
1374
1356
1375
1357
1376
1358
1377
1359
1378
1379
1361
1380
1362
1381
1363
1382
1364
1383
1365
1384
1366
1385
1367
1386
1368
1387
1369
1388
1370
1389
1371
1390
1372
1391
1373
1392
1374
1393
1375
1394
1376
1395
1377
1396
1378
1397
1379
1398
1399
1381
1400
1382
1401
1383
1402
1384
1403
1385
1404
1386
1405
1387
1406
1388
1407
1389
1408
1390
1409
1391
1410
1392
1411
1393
1412
1394
1413
1395
1414
1396
1415
1397
1416
1398
1417
1399
1418
1419
1401
1420
1402
1421
1403
1422
1404
1423
1405
1424
1406
1425
1407
1426
1408
1427
1409
1428
1410
1429
1411
1430
1412
1431
1413
1432
1414
1433
1415
1434
1416
1435
1417
1436
1418
1437
1419
1438
1439
1800
1421
1440
1422
1441
1423
1442
1424
1443
1425
1444
1426
1445
1427
1446
1428
1447
1429
1448
1430
1449
1431
1450
1432
1451
1433
1452
1434
1453
1435
1454
1436
1455
1437
1456
1438
1457
1439
1458
1459
1810
1441
1460
1442
1461
1443
1462
1444
1463
1445
1464
1446
1465
1447
1466
1448
1467
1449
1468
1450
1469
1451
1470
1452
1471
1453
1472
1454
1473
1455
1474
1456
1475
1457
1476
1458
1477
1459
1478
1479
1820
1461
1480
1462
1481
1463
1482
1464
1483
1465
1484
1466
1485
1467
1486
1468
1487
1469
1488
1470
1489
1471
1490
1472
1491
1473
1492
1474
1493
1475
1494
1476
1495
1477
1496
1478
1497
1479
1498
1499
1830
1481
1500
1482
1501
1483
1502
1484
1503
1485
1504
1486
1505
1487
1506
1488
1507
1489
1508
1490
1509
1491
1510
1492
1511
1493
1512
1494
1513
1495
1514
1496
1515
1497
1516
1498
1517
1499
1518
1519
1840
1501
1520
1502
1521
1503
1522
1504
1523
1505
1524
1506
1525
1507
1526
1508
1527
1509
1528
1510
1529
1511
1530
1512
1531
1513
1532
1514
1533
1515
1534
1516
1535
1517
1536
1518
1537
1519
1538
1539
1850
1521
1540
1522
1541
1523
1542
1524
1543
1525
1544
1526
1545
1527
1546
1528
1547
1529
1548
1530
1549
1531
1550
1532
1551
1533
1552
1534
1553
1535
1554
1536
1555
1537
1556
1538
1557
1539
1558
1559
1860
1541
1560
1542
1561
1543
1562
1544
1563
1545
1564
1546
1565
1547
1566
1548
1567
1549
1568
1550
1569
1551
1570
1552
1571
1553
1572
1554
1573
1555
1574
1556
1575
1557
1576
1558
1577
1559
1578
1579
1870
1561
1580
1562
1581
1563
1582
1564
1583
1565
1584
1566
1585
1567
1586
1568
1587
1569
1588
1570
1589
1571
1590
1572
1591
1573
1592
1574
1593
1575
1594
1576
1595
1577
1596
1578
1597
1579
1598
1599
1880
1581
1600
1582
1601
1583
1602
1584
1603
1585
1604
1586
1605
1587
1606
1588
1607
1589
1608
1590
1609
1591
1610
1592
1611
1593
1612
1594
1613
1595
1614
1596
1615
1597
1616
1598
1617
1599
1618
1619
1890
1601
1620
1602
1621
1603
1622
1604
1623
1605
1624
1606
1625
1607
1626
1608
1627
1609
1628
1610
1629
1611
1630
1612
1631
1613
1632
1614
1633
1615
1634
1616
1635
1617
1636
1618
1637
1619
1638
1639
1900
1621
1640
1622
1641
1623
1642
1624
1643
1625
1644
1626
1645
1627
1646
1628
1647
1629
1648
1630
1649
1631
1650
1632
1651
1633
1652
1634
1653
1635
1654
1636
1655
1637
1656
1638
1657
1639
1658
1659
1910
1641
1660
1642
1661
1643
1662
1644
1663
1645
1664
1646
1665
1647
1666
1648
1667
1649
1668
1650
1669
1651
1670
1652
1671
1653
1672
1654
1673
1655
1674
1656
1675
1657
1676
1658
1677
1659
1678
1679
1920
1661
1680
1662
1681
1663
1682
1664
1683
1665
1684
1666
1685
1667
1686
1668
1687
1669
1688
1670
1689
1671
1690
1672
1691
1673
1692
1674
1693
1675
1694
1676
1695
1677
1696
1678
1697
1679
1698
1699
1930
1681
1700
1682
1701
1683
1702
1684
1703
1685
1704
1686
1705
1687
1706
1688
1707
1689
1708
1690
1709
1691
1710
1692
1711
1693
1712
1694
1713
1695
1714
1696
1715
1697
1716
1698
1717
1699
1718
1719
1940
1701
1720
1702
1721
1703
1722
1704
1723
1705
1724
1706
1725
1707
1726
1708
1727
1709
1728
1710
1729
1711
1730
1712
1731
1713
1732
1714
1733
1715
1734
1716
1735
1717
1736
1718
1737
1719
1738
1739
1950
1721
1740
1722
1741
1723
1742
1724
1743
1725
1744
1726
1745
1727
1746
1728
1747
1729
1748
1730
1749
1731
1750
1732
1751
1733
1752
1734
1753
1735
1754
1736
1755
1737
1756
1738
1757
1739
1758
1759
1960
1741
1760
1742
1761
1743
1762
1744
1763
1745
1764
1746
1765
1747
1766
1748
1767
1749
1768
1750
1769
1751
1770
1752
1771
1753
1772
1754
1773
1755
1774
1756
1775
1757
1776
1758
1777
1759
1778
1779
1970
1761
1780
1762
1781
1763
1782
1764
1783
1765
1784
1766
1785
1767
1786
1768
1787
1769
1788
1770
1789
1771
1790
1772
1791
1773
1792
1774
1793
1775
1794
1776
1795
1777
1796
1778
1797
1779
1798
1799
1980
1781
1782
1783
1784
1785
1786
1787
1788
1789
1790
1791
1792
1793
1794
1795
1796
1797
1798
1799
1990
1801
1810
1802
1811
1803
1812
1804
1813
1805
1814
1806
1815
1807
1816
1808
1817
1809
1818
1819
1811
1820
1812
1821
1813
1822
1814
1823
1815
1824
1816
1825
1817
1826
1818
1827
1819
1828
1829
1821
1830
1822
1831
1823
1832
1824
1833
1825
1834
1826
1835
1827
1836
1828
1837
1829
1838
1839
1831
1840
1832
1841
1833
1842
1834
1843
1835
1844
1836
1845
1837
1846
1838
1847
1839
1848
1849
1841
1850
1842
1851
1843
1852
1844
1853
1845
1854
1846
1855
1847
1856
1848
1857
1849
1858
1859
1851
1860
1852
1861
1853
1862
1854
1863
1855
1864
1856
1865
1857
1866
1858
1867
1859
1868
1869
1861
1870
1862
1871
1863
1872
1864
1873
1865
1874
1866
1875
1867
1876
1868
1877
1869
1878
1879
1871
1880
1872
1881
1873
1882
1874
1883
1875
1884
1876
1885
1877
1886
1878
1887
1879
1888
1889
1881
1890
1882
1891
1883
1892
1884
1893
1885
1894
1886
1895
1887
1896
1888
1897
1889
1898
1899
1891
1900
1892
1901
1893
1902
1894
1903
1895
1904
1896
1905
1897
1906
1898
1907
1899
1908
1909
1901
1910
1902
1911
1903
1912
1904
1913
1905
1914
1906
1915
1907
1916
1908
1917
1909
1918
1919
1911
1920
1912
1921
1913
1922
1914
1923
1915
1924
1916
1925
1917
1926
1918
1927
1919
1928
1929
1921
1930
1922
1931
1923
1932
1924
1933
1925
1934
1926
1935
1927
1936
1928
1937
1929
1938
1939
1931
1940
1932
1941
1933
1942
1934
1943
1935
1944
1936
1945
1937
1946
1938
1947
1939
1948
1949
1941
1950
1942
1951
1943
1952
1944
1953
1945
1954
1946
1955
1947
1956
1948
1957
1949
1958
1959
1951
1960
1952
1961
1953
1962
1954
1963
1955
1964
1956
1965
1957
1966
1958
1967
1959
1968
1969
1961
1970
1962
1971
1963
1972
1964
1973
1965
1974
1966
1975
1967
1976
1968
1977
1969
1978
1979
1971
1980
1972
1981
1973
1982
1974
1983
1975
1984
1976
1985
1977
1986
1978
1987
1979
1988
1989
1981
1990
1982
1991
1983
1992
1984
1993
1985
1994
1986
1995
1987
1996
1988
1997
1989
1998
1999
1991
1992
1993
1994
1995
1996
1997
1998
1999
)


// ************************************************************************* //
